Using gpu device 0: GeForce GTX 980
[MESSAGE] The data is loaded
[MESSAGE] The 5-layer model is built
Training epoch 1, cost  0.301646 0.180399 0.301646 0
                         0.301646 0.180399 0.301646 0
                         0.301646 0.180399 0.301646 0
                         0.301646 0.180399 0.301646 0
                         0.301646 0.180399 0.301646 0
Training epoch 2, cost  0.17259 0.180399 0.301646 1
                         0.17259 0.180399 0.301646 1
                         0.17259 0.180399 0.301646 1
                         0.17259 0.180399 0.301646 1
                         0.17259 0.180399 0.301646 1
Training epoch 3, cost  0.172513 0.180399 0.301646 2
                         0.172513 0.180399 0.301646 2
                         0.172513 0.180399 0.301646 2
                         0.172513 0.180399 0.301646 2
                         0.172513 0.180399 0.301646 2
Training epoch 4, cost  0.172484 0.180399 0.301646 3
                         0.172484 0.180399 0.301646 3
                         0.172484 0.180399 0.301646 3
                         0.172484 0.180399 0.301646 3
                         0.172484 0.180399 0.301646 3
Training epoch 5, cost  0.172444 0.180399 0.301646 4
                         0.172444 0.180399 0.301646 4
                         0.172444 0.180399 0.301646 4
                         0.172444 0.180399 0.301646 4
                         0.172444 0.180399 0.301646 4
Training epoch 6, cost  0.172407 0.180399 0.301646 5
                         0.172407 0.180399 0.301646 5
                         0.172407 0.180399 0.301646 5
                         0.172407 0.180399 0.301646 5
                         0.172407 0.180399 0.301646 5
Training epoch 7, cost  0.172377 0.180399 0.301646 6
                         0.172377 0.180399 0.301646 6
                         0.172377 0.180399 0.301646 6
                         0.172377 0.180399 0.301646 6
                         0.172377 0.180399 0.301646 6
Training epoch 8, cost  0.172353 0.180399 0.301646 7
                         0.172353 0.180399 0.301646 7
                         0.172353 0.180399 0.301646 7
                         0.172353 0.180399 0.301646 7
                         0.172353 0.180399 0.301646 7
Training epoch 9, cost  0.172333 0.180399 0.301646 8
                         0.172333 0.180399 0.301646 8
                         0.172333 0.180399 0.301646 8
                         0.172333 0.180399 0.301646 8
                         0.172333 0.180399 0.301646 8
Training epoch 10, cost  0.172315 0.180399 0.301646 9
                         0.172315 0.180399 0.301646 9
                         0.172315 0.180399 0.301646 9
                         0.172315 0.180399 0.301646 9
                         0.172315 0.180399 0.301646 9
Training epoch 11, cost  0.172297 0.180399 0.301646 10
                         0.172297 0.180399 0.301646 10
                         0.172297 0.180399 0.301646 10
                         0.172297 0.180399 0.301646 10
                         0.172297 0.180399 0.301646 10
Training epoch 12, cost  0.172285 0.180399 0.301646 11
                         0.172285 0.180399 0.301646 11
                         0.172285 0.180399 0.301646 11
                         0.172285 0.180399 0.301646 11
                         0.172285 0.180399 0.301646 11
Training epoch 13, cost  0.172269 0.180399 0.301646 12
                         0.172269 0.180399 0.301646 12
                         0.172269 0.180399 0.301646 12
                         0.172269 0.180399 0.301646 12
                         0.172269 0.180399 0.301646 12
Training epoch 14, cost  0.172253 0.180399 0.301646 13
                         0.172253 0.180399 0.301646 13
                         0.172253 0.180399 0.301646 13
                         0.172253 0.180399 0.301646 13
                         0.172253 0.180399 0.301646 13
Training epoch 15, cost  0.172241 0.180399 0.301646 14
                         0.172241 0.180399 0.301646 14
                         0.172241 0.180399 0.301646 14
                         0.172241 0.180399 0.301646 14
                         0.172241 0.180399 0.301646 14
Training epoch 16, cost  0.172227 0.180399 0.301646 15
                         0.172227 0.180399 0.301646 15
                         0.172227 0.180399 0.301646 15
                         0.172227 0.180399 0.301646 15
                         0.172227 0.180399 0.301646 15
Training epoch 17, cost  0.17222 0.180399 0.301646 16
                         0.17222 0.180399 0.301646 16
                         0.17222 0.180399 0.301646 16
                         0.17222 0.180399 0.301646 16
                         0.17222 0.180399 0.301646 16
Training epoch 18, cost  0.172215 0.180399 0.301646 17
                         0.172215 0.180399 0.301646 17
                         0.172215 0.180399 0.301646 17
                         0.172215 0.180399 0.301646 17
                         0.172215 0.180399 0.301646 17
Training epoch 19, cost  0.172217 0.180399 0.301646 18
                         0.172217 0.180399 0.301646 18
                         0.172217 0.180399 0.301646 18
                         0.172217 0.180399 0.301646 18
                         0.172217 0.180399 0.301646 18
Training epoch 20, cost  0.172218 0.180399 0.301646 19
                         0.172218 0.180399 0.301646 19
                         0.172218 0.180399 0.301646 19
                         0.172218 0.180399 0.301646 19
                         0.172218 0.180399 0.301646 19
Training epoch 21, cost  0.172225 0.180399 0.301646 20
                         0.172225 0.180399 0.301646 20
                         0.172225 0.180399 0.301646 20
                         0.172225 0.180399 0.301646 20
                         0.172225 0.180399 0.301646 20
Training epoch 22, cost  0.172237 0.180399 0.172237 0
                         0.172237 0.180399 0.172237 0
                         0.172237 0.180399 0.172237 0
                         0.172237 0.180399 0.172237 0
                         0.172237 0.180399 0.172237 0
Training epoch 23, cost  0.172251 0.180399 0.172237 1
                         0.172251 0.180399 0.172237 1
                         0.172251 0.180399 0.172237 1
                         0.172251 0.180399 0.172237 1
                         0.172251 0.180399 0.172237 1
Training epoch 24, cost  0.172273 0.180399 0.172237 2
                         0.172273 0.180399 0.172237 2
                         0.172273 0.180399 0.172237 2
                         0.172273 0.180399 0.172237 2
                         0.172273 0.180399 0.172237 2
Training epoch 25, cost  0.172299 0.180399 0.172237 3
                         0.172299 0.180399 0.172237 3
                         0.172299 0.180399 0.172237 3
                         0.172299 0.180399 0.172237 3
                         0.172299 0.180399 0.172237 3
Training epoch 26, cost  0.172333 0.180399 0.172237 4
                         0.172333 0.180399 0.172237 4
                         0.172333 0.180399 0.172237 4
                         0.172333 0.180399 0.172237 4
                         0.172333 0.180399 0.172237 4
Training epoch 27, cost  0.172371 0.180399 0.172237 5
                         0.172371 0.180399 0.172237 5
                         0.172371 0.180399 0.172237 5
                         0.172371 0.180399 0.172237 5
                         0.172371 0.180399 0.172237 5
Training epoch 28, cost  0.172411 0.180399 0.172237 6
                         0.172411 0.180399 0.172237 6
                         0.172411 0.180399 0.172237 6
                         0.172411 0.180399 0.172237 6
                         0.172411 0.180399 0.172237 6
Training epoch 29, cost  0.172454 0.180399 0.172237 7
                         0.172454 0.180399 0.172237 7
                         0.172454 0.180399 0.172237 7
                         0.172454 0.180399 0.172237 7
                         0.172454 0.180399 0.172237 7
Training epoch 30, cost  0.172494 0.180399 0.172237 8
                         0.172494 0.180399 0.172237 8
                         0.172494 0.180399 0.172237 8
                         0.172494 0.180399 0.172237 8
                         0.172494 0.180399 0.172237 8
Training epoch 31, cost  0.172538 0.180399 0.172237 9
                         0.172538 0.180399 0.172237 9
                         0.172538 0.180399 0.172237 9
                         0.172538 0.180399 0.172237 9
                         0.172538 0.180399 0.172237 9
Training epoch 32, cost  0.172577 0.180399 0.172237 10
                         0.172577 0.180399 0.172237 10
                         0.172577 0.180399 0.172237 10
                         0.172577 0.180399 0.172237 10
                         0.172577 0.180399 0.172237 10
Training epoch 33, cost  0.172615 0.180399 0.172237 11
                         0.172615 0.180399 0.172237 11
                         0.172615 0.180399 0.172237 11
                         0.172615 0.180399 0.172237 11
                         0.172615 0.180399 0.172237 11
Training epoch 34, cost  0.172651 0.180399 0.172237 12
                         0.172651 0.180399 0.172237 12
                         0.172651 0.180399 0.172237 12
                         0.172651 0.180399 0.172237 12
                         0.172651 0.180399 0.172237 12
Training epoch 35, cost  0.172684 0.180399 0.172237 13
                         0.172684 0.180399 0.172237 13
                         0.172684 0.180399 0.172237 13
                         0.172684 0.180399 0.172237 13
                         0.172684 0.180399 0.172237 13
Training epoch 36, cost  0.172717 0.180399 0.172237 14
                         0.172717 0.180399 0.172237 14
                         0.172717 0.180399 0.172237 14
                         0.172717 0.180399 0.172237 14
                         0.172717 0.180399 0.172237 14
Training epoch 37, cost  0.17275 0.180399 0.172237 15
                         0.17275 0.180399 0.172237 15
                         0.17275 0.180399 0.172237 15
                         0.17275 0.180399 0.172237 15
                         0.17275 0.180399 0.172237 15
Training epoch 38, cost  0.172788 0.180399 0.172237 16
                         0.172788 0.180399 0.172237 16
                         0.172788 0.180399 0.172237 16
                         0.172788 0.180399 0.172237 16
                         0.172788 0.180399 0.172237 16
Training epoch 39, cost  0.172824 0.180399 0.172237 17
                         0.172824 0.180399 0.172237 17
                         0.172824 0.180399 0.172237 17
                         0.172824 0.180399 0.172237 17
                         0.172824 0.180399 0.172237 17
Training epoch 40, cost  0.172864 0.180399 0.172237 18
                         0.172864 0.180399 0.172237 18
                         0.172864 0.180399 0.172237 18
                         0.172864 0.180399 0.172237 18
                         0.172864 0.180399 0.172237 18
Training epoch 41, cost  0.172906 0.180399 0.172237 19
                         0.172906 0.180399 0.172237 19
                         0.172906 0.180399 0.172237 19
                         0.172906 0.180399 0.172237 19
                         0.172906 0.180399 0.172237 19
Training epoch 42, cost  0.17295 0.180399 0.172237 20
                         0.17295 0.180399 0.172237 20
                         0.17295 0.180399 0.172237 20
                         0.17295 0.180399 0.172237 20
                         0.17295 0.180399 0.172237 20
Training epoch 43, cost  0.172995 0.240925 0.172995 0
                         0.172995 0.240925 0.172995 0
                         0.172995 0.240925 0.172995 0
                         0.172995 0.240925 0.172995 0
                         0.172995 0.240925 0.172995 0
Training epoch 44, cost  0.173377 0.240925 0.172995 1
                         0.173377 0.240925 0.172995 1
                         0.173377 0.240925 0.172995 1
                         0.173377 0.240925 0.172995 1
                         0.173377 0.240925 0.172995 1
Training epoch 45, cost  0.173403 0.240925 0.172995 2
                         0.173403 0.240925 0.172995 2
                         0.173403 0.240925 0.172995 2
                         0.173403 0.240925 0.172995 2
                         0.173403 0.240925 0.172995 2
Training epoch 46, cost  0.173422 0.240925 0.172995 3
                         0.173422 0.240925 0.172995 3
                         0.173422 0.240925 0.172995 3
                         0.173422 0.240925 0.172995 3
                         0.173422 0.240925 0.172995 3
Training epoch 47, cost  0.173447 0.240925 0.172995 4
                         0.173447 0.240925 0.172995 4
                         0.173447 0.240925 0.172995 4
                         0.173447 0.240925 0.172995 4
                         0.173447 0.240925 0.172995 4
Training epoch 48, cost  0.173467 0.240925 0.172995 5
                         0.173467 0.240925 0.172995 5
                         0.173467 0.240925 0.172995 5
                         0.173467 0.240925 0.172995 5
                         0.173467 0.240925 0.172995 5
Training epoch 49, cost  0.17348 0.240925 0.172995 6
                         0.17348 0.240925 0.172995 6
                         0.17348 0.240925 0.172995 6
                         0.17348 0.240925 0.172995 6
                         0.17348 0.240925 0.172995 6
Training epoch 50, cost  0.17349 0.240925 0.172995 7
                         0.17349 0.240925 0.172995 7
                         0.17349 0.240925 0.172995 7
                         0.17349 0.240925 0.172995 7
                         0.17349 0.240925 0.172995 7
Training epoch 51, cost  0.1735 0.240925 0.172995 8
                         0.1735 0.240925 0.172995 8
                         0.1735 0.240925 0.172995 8
                         0.1735 0.240925 0.172995 8
                         0.1735 0.240925 0.172995 8
Training epoch 52, cost  0.173511 0.240925 0.172995 9
                         0.173511 0.240925 0.172995 9
                         0.173511 0.240925 0.172995 9
                         0.173511 0.240925 0.172995 9
                         0.173511 0.240925 0.172995 9
Training epoch 53, cost  0.173517 0.240925 0.172995 10
                         0.173517 0.240925 0.172995 10
                         0.173517 0.240925 0.172995 10
                         0.173517 0.240925 0.172995 10
                         0.173517 0.240925 0.172995 10
Training epoch 54, cost  0.17352 0.240925 0.172995 11
                         0.17352 0.240925 0.172995 11
                         0.17352 0.240925 0.172995 11
                         0.17352 0.240925 0.172995 11
                         0.17352 0.240925 0.172995 11
Training epoch 55, cost  0.173526 0.240925 0.172995 12
                         0.173526 0.240925 0.172995 12
                         0.173526 0.240925 0.172995 12
                         0.173526 0.240925 0.172995 12
                         0.173526 0.240925 0.172995 12
Training epoch 56, cost  0.173528 0.240925 0.172995 13
                         0.173528 0.240925 0.172995 13
                         0.173528 0.240925 0.172995 13
                         0.173528 0.240925 0.172995 13
                         0.173528 0.240925 0.172995 13
Training epoch 57, cost  0.173528 0.240925 0.172995 14
                         0.173528 0.240925 0.172995 14
                         0.173528 0.240925 0.172995 14
                         0.173528 0.240925 0.172995 14
                         0.173528 0.240925 0.172995 14
Training epoch 58, cost  0.173525 0.240925 0.172995 15
                         0.173525 0.240925 0.172995 15
                         0.173525 0.240925 0.172995 15
                         0.173525 0.240925 0.172995 15
                         0.173525 0.240925 0.172995 15
Training epoch 59, cost  0.173525 0.240925 0.172995 16
                         0.173525 0.240925 0.172995 16
                         0.173525 0.240925 0.172995 16
                         0.173525 0.240925 0.172995 16
                         0.173525 0.240925 0.172995 16
Training epoch 60, cost  0.173521 0.240925 0.172995 17
                         0.173521 0.240925 0.172995 17
                         0.173521 0.240925 0.172995 17
                         0.173521 0.240925 0.172995 17
                         0.173521 0.240925 0.172995 17
Training epoch 61, cost  0.173517 0.240925 0.172995 18
                         0.173517 0.240925 0.172995 18
                         0.173517 0.240925 0.172995 18
                         0.173517 0.240925 0.172995 18
                         0.173517 0.240925 0.172995 18
Training epoch 62, cost  0.173506 0.240925 0.172995 19
                         0.173506 0.240925 0.172995 19
                         0.173506 0.240925 0.172995 19
                         0.173506 0.240925 0.172995 19
                         0.173506 0.240925 0.172995 19
Training epoch 63, cost  0.173497 0.240925 0.172995 20
                         0.173497 0.240925 0.172995 20
                         0.173497 0.240925 0.172995 20
                         0.173497 0.240925 0.172995 20
                         0.173497 0.240925 0.172995 20
Training epoch 64, cost  0.173485 0.26668 0.173485 0
                         0.173485 0.26668 0.173485 0
                         0.173485 0.26668 0.173485 0
                         0.173485 0.26668 0.173485 0
                         0.173485 0.26668 0.173485 0
Training epoch 65, cost  0.173626 0.26668 0.173485 1
                         0.173626 0.26668 0.173485 1
                         0.173626 0.26668 0.173485 1
                         0.173626 0.26668 0.173485 1
                         0.173626 0.26668 0.173485 1
Training epoch 66, cost  0.173609 0.26668 0.173485 2
                         0.173609 0.26668 0.173485 2
                         0.173609 0.26668 0.173485 2
                         0.173609 0.26668 0.173485 2
                         0.173609 0.26668 0.173485 2
Training epoch 67, cost  0.173591 0.26668 0.173485 3
                         0.173591 0.26668 0.173485 3
                         0.173591 0.26668 0.173485 3
                         0.173591 0.26668 0.173485 3
                         0.173591 0.26668 0.173485 3
Training epoch 68, cost  0.173575 0.26668 0.173485 4
                         0.173575 0.26668 0.173485 4
                         0.173575 0.26668 0.173485 4
                         0.173575 0.26668 0.173485 4
                         0.173575 0.26668 0.173485 4
Training epoch 69, cost  0.173561 0.26668 0.173485 5
                         0.173561 0.26668 0.173485 5
                         0.173561 0.26668 0.173485 5
                         0.173561 0.26668 0.173485 5
                         0.173561 0.26668 0.173485 5
Training epoch 70, cost  0.173552 0.26668 0.173485 6
                         0.173552 0.26668 0.173485 6
                         0.173552 0.26668 0.173485 6
                         0.173552 0.26668 0.173485 6
                         0.173552 0.26668 0.173485 6
Training epoch 71, cost  0.173548 0.26668 0.173485 7
                         0.173548 0.26668 0.173485 7
                         0.173548 0.26668 0.173485 7
                         0.173548 0.26668 0.173485 7
                         0.173548 0.26668 0.173485 7
Training epoch 72, cost  0.173544 0.26668 0.173485 8
                         0.173544 0.26668 0.173485 8
                         0.173544 0.26668 0.173485 8
                         0.173544 0.26668 0.173485 8
                         0.173544 0.26668 0.173485 8
Training epoch 73, cost  0.173543 0.26668 0.173485 9
                         0.173543 0.26668 0.173485 9
                         0.173543 0.26668 0.173485 9
                         0.173543 0.26668 0.173485 9
                         0.173543 0.26668 0.173485 9
Training epoch 74, cost  0.173549 0.26668 0.173485 10
                         0.173549 0.26668 0.173485 10
                         0.173549 0.26668 0.173485 10
                         0.173549 0.26668 0.173485 10
                         0.173549 0.26668 0.173485 10
Training epoch 75, cost  0.173554 0.26668 0.173485 11
                         0.173554 0.26668 0.173485 11
                         0.173554 0.26668 0.173485 11
                         0.173554 0.26668 0.173485 11
                         0.173554 0.26668 0.173485 11
Training epoch 76, cost  0.17356 0.26668 0.173485 12
                         0.17356 0.26668 0.173485 12
                         0.17356 0.26668 0.173485 12
                         0.17356 0.26668 0.173485 12
                         0.17356 0.26668 0.173485 12
Training epoch 77, cost  0.173567 0.26668 0.173485 13
                         0.173567 0.26668 0.173485 13
                         0.173567 0.26668 0.173485 13
                         0.173567 0.26668 0.173485 13
                         0.173567 0.26668 0.173485 13
Training epoch 78, cost  0.173576 0.26668 0.173485 14
                         0.173576 0.26668 0.173485 14
                         0.173576 0.26668 0.173485 14
                         0.173576 0.26668 0.173485 14
                         0.173576 0.26668 0.173485 14
Training epoch 79, cost  0.173583 0.26668 0.173485 15
                         0.173583 0.26668 0.173485 15
                         0.173583 0.26668 0.173485 15
                         0.173583 0.26668 0.173485 15
                         0.173583 0.26668 0.173485 15
Training epoch 80, cost  0.173589 0.26668 0.173485 16
                         0.173589 0.26668 0.173485 16
                         0.173589 0.26668 0.173485 16
                         0.173589 0.26668 0.173485 16
                         0.173589 0.26668 0.173485 16
Training epoch 81, cost  0.173597 0.26668 0.173485 17
                         0.173597 0.26668 0.173485 17
                         0.173597 0.26668 0.173485 17
                         0.173597 0.26668 0.173485 17
                         0.173597 0.26668 0.173485 17
Training epoch 82, cost  0.173598 0.26668 0.173485 18
                         0.173598 0.26668 0.173485 18
                         0.173598 0.26668 0.173485 18
                         0.173598 0.26668 0.173485 18
                         0.173598 0.26668 0.173485 18
Training epoch 83, cost  0.173604 0.26668 0.173485 19
                         0.173604 0.26668 0.173485 19
                         0.173604 0.26668 0.173485 19
                         0.173604 0.26668 0.173485 19
                         0.173604 0.26668 0.173485 19
Training epoch 84, cost  0.173605 0.26668 0.173485 20
                         0.173605 0.26668 0.173485 20
                         0.173605 0.26668 0.173485 20
                         0.173605 0.26668 0.173485 20
                         0.173605 0.26668 0.173485 20
Training epoch 85, cost  0.17361 0.281341 0.17361 0
                         0.17361 0.281341 0.17361 0
                         0.17361 0.281341 0.17361 0
                         0.17361 0.281341 0.17361 0
                         0.17361 0.281341 0.17361 0
Training epoch 86, cost  0.173702 0.281341 0.17361 1
                         0.173702 0.281341 0.17361 1
                         0.173702 0.281341 0.17361 1
                         0.173702 0.281341 0.17361 1
                         0.173702 0.281341 0.17361 1
Training epoch 87, cost  0.173703 0.281341 0.17361 2
                         0.173703 0.281341 0.17361 2
                         0.173703 0.281341 0.17361 2
                         0.173703 0.281341 0.17361 2
                         0.173703 0.281341 0.17361 2
Training epoch 88, cost  0.173699 0.281341 0.17361 3
                         0.173699 0.281341 0.17361 3
                         0.173699 0.281341 0.17361 3
                         0.173699 0.281341 0.17361 3
                         0.173699 0.281341 0.17361 3
Training epoch 89, cost  0.173694 0.281341 0.17361 4
                         0.173694 0.281341 0.17361 4
                         0.173694 0.281341 0.17361 4
                         0.173694 0.281341 0.17361 4
                         0.173694 0.281341 0.17361 4
Training epoch 90, cost  0.173693 0.281341 0.17361 5
                         0.173693 0.281341 0.17361 5
                         0.173693 0.281341 0.17361 5
                         0.173693 0.281341 0.17361 5
                         0.173693 0.281341 0.17361 5
Training epoch 91, cost  0.173692 0.281341 0.17361 6
                         0.173692 0.281341 0.17361 6
                         0.173692 0.281341 0.17361 6
                         0.173692 0.281341 0.17361 6
                         0.173692 0.281341 0.17361 6
Training epoch 92, cost  0.173692 0.281341 0.17361 7
                         0.173692 0.281341 0.17361 7
                         0.173692 0.281341 0.17361 7
                         0.173692 0.281341 0.17361 7
                         0.173692 0.281341 0.17361 7
Training epoch 93, cost  0.173688 0.281341 0.17361 8
                         0.173688 0.281341 0.17361 8
                         0.173688 0.281341 0.17361 8
                         0.173688 0.281341 0.17361 8
                         0.173688 0.281341 0.17361 8
Training epoch 94, cost  0.17369 0.281341 0.17361 9
                         0.17369 0.281341 0.17361 9
                         0.17369 0.281341 0.17361 9
                         0.17369 0.281341 0.17361 9
                         0.17369 0.281341 0.17361 9
Training epoch 95, cost  0.17369 0.281341 0.17361 10
                         0.17369 0.281341 0.17361 10
                         0.17369 0.281341 0.17361 10
                         0.17369 0.281341 0.17361 10
                         0.17369 0.281341 0.17361 10
Training epoch 96, cost  0.17369 0.281341 0.17361 11
                         0.17369 0.281341 0.17361 11
                         0.17369 0.281341 0.17361 11
                         0.17369 0.281341 0.17361 11
                         0.17369 0.281341 0.17361 11
Training epoch 97, cost  0.173691 0.281341 0.17361 12
                         0.173691 0.281341 0.17361 12
                         0.173691 0.281341 0.17361 12
                         0.173691 0.281341 0.17361 12
                         0.173691 0.281341 0.17361 12
Training epoch 98, cost  0.173691 0.281341 0.17361 13
                         0.173691 0.281341 0.17361 13
                         0.173691 0.281341 0.17361 13
                         0.173691 0.281341 0.17361 13
                         0.173691 0.281341 0.17361 13
Training epoch 99, cost  0.17369 0.281341 0.17361 14
                         0.17369 0.281341 0.17361 14
                         0.17369 0.281341 0.17361 14
                         0.17369 0.281341 0.17361 14
                         0.17369 0.281341 0.17361 14
Training epoch 100, cost  0.173689 0.281341 0.17361 15
                         0.173689 0.281341 0.17361 15
                         0.173689 0.281341 0.17361 15
                         0.173689 0.281341 0.17361 15
                         0.173689 0.281341 0.17361 15
Training epoch 101, cost  0.173687 0.281341 0.17361 16
                         0.173687 0.281341 0.17361 16
                         0.173687 0.281341 0.17361 16
                         0.173687 0.281341 0.17361 16
                         0.173687 0.281341 0.17361 16
Training epoch 102, cost  0.17369 0.281341 0.17361 17
                         0.17369 0.281341 0.17361 17
                         0.17369 0.281341 0.17361 17
                         0.17369 0.281341 0.17361 17
                         0.17369 0.281341 0.17361 17
Training epoch 103, cost  0.173693 0.281341 0.17361 18
                         0.173693 0.281341 0.17361 18
                         0.173693 0.281341 0.17361 18
                         0.173693 0.281341 0.17361 18
                         0.173693 0.281341 0.17361 18
Training epoch 104, cost  0.173689 0.281341 0.17361 19
                         0.173689 0.281341 0.17361 19
                         0.173689 0.281341 0.17361 19
                         0.173689 0.281341 0.17361 19
                         0.173689 0.281341 0.17361 19
Training epoch 105, cost  0.17369 0.281341 0.17361 20
                         0.17369 0.281341 0.17361 20
                         0.17369 0.281341 0.17361 20
                         0.17369 0.281341 0.17361 20
                         0.17369 0.281341 0.17361 20
Training epoch 106, cost  0.173691 0.348251 0.173691 0
                         0.173691 0.348251 0.173691 0
                         0.173691 0.348251 0.173691 0
                         0.173691 0.348251 0.173691 0
                         0.173691 0.348251 0.173691 0
Training epoch 107, cost  0.174126 0.348251 0.173691 1
                         0.174126 0.348251 0.173691 1
                         0.174126 0.348251 0.173691 1
                         0.174126 0.348251 0.173691 1
                         0.174126 0.348251 0.173691 1
Training epoch 108, cost  0.174148 0.348251 0.173691 2
                         0.174148 0.348251 0.173691 2
                         0.174148 0.348251 0.173691 2
                         0.174148 0.348251 0.173691 2
                         0.174148 0.348251 0.173691 2
Training epoch 109, cost  0.174143 0.348251 0.173691 3
                         0.174143 0.348251 0.173691 3
                         0.174143 0.348251 0.173691 3
                         0.174143 0.348251 0.173691 3
                         0.174143 0.348251 0.173691 3
Training epoch 110, cost  0.174136 0.348251 0.173691 4
                         0.174136 0.348251 0.173691 4
                         0.174136 0.348251 0.173691 4
                         0.174136 0.348251 0.173691 4
                         0.174136 0.348251 0.173691 4
Training epoch 111, cost  0.174129 0.348251 0.173691 5
                         0.174129 0.348251 0.173691 5
                         0.174129 0.348251 0.173691 5
                         0.174129 0.348251 0.173691 5
                         0.174129 0.348251 0.173691 5
Training epoch 112, cost  0.174125 0.348251 0.173691 6
                         0.174125 0.348251 0.173691 6
                         0.174125 0.348251 0.173691 6
                         0.174125 0.348251 0.173691 6
                         0.174125 0.348251 0.173691 6
Training epoch 113, cost  0.174117 0.348251 0.173691 7
                         0.174117 0.348251 0.173691 7
                         0.174117 0.348251 0.173691 7
                         0.174117 0.348251 0.173691 7
                         0.174117 0.348251 0.173691 7
Training epoch 114, cost  0.174108 0.348251 0.173691 8
                         0.174108 0.348251 0.173691 8
                         0.174108 0.348251 0.173691 8
                         0.174108 0.348251 0.173691 8
                         0.174108 0.348251 0.173691 8
Training epoch 115, cost  0.174103 0.348251 0.173691 9
                         0.174103 0.348251 0.173691 9
                         0.174103 0.348251 0.173691 9
                         0.174103 0.348251 0.173691 9
                         0.174103 0.348251 0.173691 9
Training epoch 116, cost  0.174095 0.348251 0.173691 10
                         0.174095 0.348251 0.173691 10
                         0.174095 0.348251 0.173691 10
                         0.174095 0.348251 0.173691 10
                         0.174095 0.348251 0.173691 10
Training epoch 117, cost  0.17409 0.348251 0.173691 11
                         0.17409 0.348251 0.173691 11
                         0.17409 0.348251 0.173691 11
                         0.17409 0.348251 0.173691 11
                         0.17409 0.348251 0.173691 11
Training epoch 118, cost  0.174084 0.348251 0.173691 12
                         0.174084 0.348251 0.173691 12
                         0.174084 0.348251 0.173691 12
                         0.174084 0.348251 0.173691 12
                         0.174084 0.348251 0.173691 12
Training epoch 119, cost  0.174078 0.348251 0.173691 13
                         0.174078 0.348251 0.173691 13
                         0.174078 0.348251 0.173691 13
                         0.174078 0.348251 0.173691 13
                         0.174078 0.348251 0.173691 13
Training epoch 120, cost  0.174072 0.348251 0.173691 14
                         0.174072 0.348251 0.173691 14
                         0.174072 0.348251 0.173691 14
                         0.174072 0.348251 0.173691 14
                         0.174072 0.348251 0.173691 14
Training epoch 121, cost  0.174066 0.348251 0.173691 15
                         0.174066 0.348251 0.173691 15
                         0.174066 0.348251 0.173691 15
                         0.174066 0.348251 0.173691 15
                         0.174066 0.348251 0.173691 15
Training epoch 122, cost  0.174061 0.348251 0.173691 16
                         0.174061 0.348251 0.173691 16
                         0.174061 0.348251 0.173691 16
                         0.174061 0.348251 0.173691 16
                         0.174061 0.348251 0.173691 16
Training epoch 123, cost  0.174059 0.348251 0.173691 17
                         0.174059 0.348251 0.173691 17
                         0.174059 0.348251 0.173691 17
                         0.174059 0.348251 0.173691 17
                         0.174059 0.348251 0.173691 17
Training epoch 124, cost  0.174062 0.348251 0.173691 18
                         0.174062 0.348251 0.173691 18
                         0.174062 0.348251 0.173691 18
                         0.174062 0.348251 0.173691 18
                         0.174062 0.348251 0.173691 18
Training epoch 125, cost  0.174057 0.348251 0.173691 19
                         0.174057 0.348251 0.173691 19
                         0.174057 0.348251 0.173691 19
                         0.174057 0.348251 0.173691 19
                         0.174057 0.348251 0.173691 19
Training epoch 126, cost  0.174052 0.348251 0.173691 20
                         0.174052 0.348251 0.173691 20
                         0.174052 0.348251 0.173691 20
                         0.174052 0.348251 0.173691 20
                         0.174052 0.348251 0.173691 20
Training epoch 127, cost  0.174054 0.361283 0.174054 0
                         0.174054 0.361283 0.174054 0
                         0.174054 0.361283 0.174054 0
                         0.174054 0.361283 0.174054 0
                         0.174054 0.361283 0.174054 0
Training epoch 128, cost  0.174141 0.361283 0.174054 1
                         0.174141 0.361283 0.174054 1
                         0.174141 0.361283 0.174054 1
                         0.174141 0.361283 0.174054 1
                         0.174141 0.361283 0.174054 1
Training epoch 129, cost  0.174156 0.361283 0.174054 2
                         0.174156 0.361283 0.174054 2
                         0.174156 0.361283 0.174054 2
                         0.174156 0.361283 0.174054 2
                         0.174156 0.361283 0.174054 2
Training epoch 130, cost  0.174158 0.361283 0.174054 3
                         0.174158 0.361283 0.174054 3
                         0.174158 0.361283 0.174054 3
                         0.174158 0.361283 0.174054 3
                         0.174158 0.361283 0.174054 3
Training epoch 131, cost  0.174159 0.361283 0.174054 4
                         0.174159 0.361283 0.174054 4
                         0.174159 0.361283 0.174054 4
                         0.174159 0.361283 0.174054 4
                         0.174159 0.361283 0.174054 4
Training epoch 132, cost  0.174155 0.361283 0.174054 5
                         0.174155 0.361283 0.174054 5
                         0.174155 0.361283 0.174054 5
                         0.174155 0.361283 0.174054 5
                         0.174155 0.361283 0.174054 5
Training epoch 133, cost  0.174154 0.361283 0.174054 6
                         0.174154 0.361283 0.174054 6
                         0.174154 0.361283 0.174054 6
                         0.174154 0.361283 0.174054 6
                         0.174154 0.361283 0.174054 6
Training epoch 134, cost  0.17415 0.361283 0.174054 7
                         0.17415 0.361283 0.174054 7
                         0.17415 0.361283 0.174054 7
                         0.17415 0.361283 0.174054 7
                         0.17415 0.361283 0.174054 7
Training epoch 135, cost  0.174148 0.361283 0.174054 8
                         0.174148 0.361283 0.174054 8
                         0.174148 0.361283 0.174054 8
                         0.174148 0.361283 0.174054 8
                         0.174148 0.361283 0.174054 8
Training epoch 136, cost  0.174145 0.361283 0.174054 9
                         0.174145 0.361283 0.174054 9
                         0.174145 0.361283 0.174054 9
                         0.174145 0.361283 0.174054 9
                         0.174145 0.361283 0.174054 9
Training epoch 137, cost  0.174144 0.361283 0.174054 10
                         0.174144 0.361283 0.174054 10
                         0.174144 0.361283 0.174054 10
                         0.174144 0.361283 0.174054 10
                         0.174144 0.361283 0.174054 10
Training epoch 138, cost  0.174141 0.361283 0.174054 11
                         0.174141 0.361283 0.174054 11
                         0.174141 0.361283 0.174054 11
                         0.174141 0.361283 0.174054 11
                         0.174141 0.361283 0.174054 11
Training epoch 139, cost  0.174135 0.361283 0.174054 12
                         0.174135 0.361283 0.174054 12
                         0.174135 0.361283 0.174054 12
                         0.174135 0.361283 0.174054 12
                         0.174135 0.361283 0.174054 12
Training epoch 140, cost  0.174137 0.361283 0.174054 13
                         0.174137 0.361283 0.174054 13
                         0.174137 0.361283 0.174054 13
                         0.174137 0.361283 0.174054 13
                         0.174137 0.361283 0.174054 13
Training epoch 141, cost  0.174137 0.361283 0.174054 14
                         0.174137 0.361283 0.174054 14
                         0.174137 0.361283 0.174054 14
                         0.174137 0.361283 0.174054 14
                         0.174137 0.361283 0.174054 14
Training epoch 142, cost  0.174135 0.361283 0.174054 15
                         0.174135 0.361283 0.174054 15
                         0.174135 0.361283 0.174054 15
                         0.174135 0.361283 0.174054 15
                         0.174135 0.361283 0.174054 15
Training epoch 143, cost  0.174136 0.361283 0.174054 16
                         0.174136 0.361283 0.174054 16
                         0.174136 0.361283 0.174054 16
                         0.174136 0.361283 0.174054 16
                         0.174136 0.361283 0.174054 16
Training epoch 144, cost  0.174134 0.361283 0.174054 17
                         0.174134 0.361283 0.174054 17
                         0.174134 0.361283 0.174054 17
                         0.174134 0.361283 0.174054 17
                         0.174134 0.361283 0.174054 17
Training epoch 145, cost  0.174135 0.361283 0.174054 18
                         0.174135 0.361283 0.174054 18
                         0.174135 0.361283 0.174054 18
                         0.174135 0.361283 0.174054 18
                         0.174135 0.361283 0.174054 18
Training epoch 146, cost  0.174131 0.361283 0.174054 19
                         0.174131 0.361283 0.174054 19
                         0.174131 0.361283 0.174054 19
                         0.174131 0.361283 0.174054 19
                         0.174131 0.361283 0.174054 19
Training epoch 147, cost  0.17413 0.361283 0.174054 20
                         0.17413 0.361283 0.174054 20
                         0.17413 0.361283 0.174054 20
                         0.17413 0.361283 0.174054 20
                         0.17413 0.361283 0.174054 20
Training epoch 148, cost  0.174129 0.37382 0.174129 0
                         0.174129 0.37382 0.174129 0
                         0.174129 0.37382 0.174129 0
                         0.174129 0.37382 0.174129 0
                         0.174129 0.37382 0.174129 0
Training epoch 149, cost  0.17422 0.37382 0.174129 1
                         0.17422 0.37382 0.174129 1
                         0.17422 0.37382 0.174129 1
                         0.17422 0.37382 0.174129 1
                         0.17422 0.37382 0.174129 1
Training epoch 150, cost  0.174233 0.37382 0.174129 2
                         0.174233 0.37382 0.174129 2
                         0.174233 0.37382 0.174129 2
                         0.174233 0.37382 0.174129 2
                         0.174233 0.37382 0.174129 2
Training epoch 151, cost  0.174242 0.37382 0.174129 3
                         0.174242 0.37382 0.174129 3
                         0.174242 0.37382 0.174129 3
                         0.174242 0.37382 0.174129 3
                         0.174242 0.37382 0.174129 3
Training epoch 152, cost  0.174244 0.37382 0.174129 4
                         0.174244 0.37382 0.174129 4
                         0.174244 0.37382 0.174129 4
                         0.174244 0.37382 0.174129 4
                         0.174244 0.37382 0.174129 4
Training epoch 153, cost  0.174251 0.37382 0.174129 5
                         0.174251 0.37382 0.174129 5
                         0.174251 0.37382 0.174129 5
                         0.174251 0.37382 0.174129 5
                         0.174251 0.37382 0.174129 5
Training epoch 154, cost  0.17425 0.37382 0.174129 6
                         0.17425 0.37382 0.174129 6
                         0.17425 0.37382 0.174129 6
                         0.17425 0.37382 0.174129 6
                         0.17425 0.37382 0.174129 6
Training epoch 155, cost  0.17425 0.37382 0.174129 7
                         0.17425 0.37382 0.174129 7
                         0.17425 0.37382 0.174129 7
                         0.17425 0.37382 0.174129 7
                         0.17425 0.37382 0.174129 7
Training epoch 156, cost  0.174249 0.37382 0.174129 8
                         0.174249 0.37382 0.174129 8
                         0.174249 0.37382 0.174129 8
                         0.174249 0.37382 0.174129 8
                         0.174249 0.37382 0.174129 8
Training epoch 157, cost  0.174249 0.37382 0.174129 9
                         0.174249 0.37382 0.174129 9
                         0.174249 0.37382 0.174129 9
                         0.174249 0.37382 0.174129 9
                         0.174249 0.37382 0.174129 9
Training epoch 158, cost  0.174245 0.37382 0.174129 10
                         0.174245 0.37382 0.174129 10
                         0.174245 0.37382 0.174129 10
                         0.174245 0.37382 0.174129 10
                         0.174245 0.37382 0.174129 10
Training epoch 159, cost  0.174247 0.37382 0.174129 11
                         0.174247 0.37382 0.174129 11
                         0.174247 0.37382 0.174129 11
                         0.174247 0.37382 0.174129 11
                         0.174247 0.37382 0.174129 11
Training epoch 160, cost  0.174247 0.37382 0.174129 12
                         0.174247 0.37382 0.174129 12
                         0.174247 0.37382 0.174129 12
                         0.174247 0.37382 0.174129 12
                         0.174247 0.37382 0.174129 12
Training epoch 161, cost  0.174242 0.37382 0.174129 13
                         0.174242 0.37382 0.174129 13
                         0.174242 0.37382 0.174129 13
                         0.174242 0.37382 0.174129 13
                         0.174242 0.37382 0.174129 13
Training epoch 162, cost  0.174245 0.37382 0.174129 14
                         0.174245 0.37382 0.174129 14
                         0.174245 0.37382 0.174129 14
                         0.174245 0.37382 0.174129 14
                         0.174245 0.37382 0.174129 14
Training epoch 163, cost  0.174243 0.37382 0.174129 15
                         0.174243 0.37382 0.174129 15
                         0.174243 0.37382 0.174129 15
                         0.174243 0.37382 0.174129 15
                         0.174243 0.37382 0.174129 15
Training epoch 164, cost  0.174243 0.37382 0.174129 16
                         0.174243 0.37382 0.174129 16
                         0.174243 0.37382 0.174129 16
                         0.174243 0.37382 0.174129 16
                         0.174243 0.37382 0.174129 16
Training epoch 165, cost  0.174241 0.37382 0.174129 17
                         0.174241 0.37382 0.174129 17
                         0.174241 0.37382 0.174129 17
                         0.174241 0.37382 0.174129 17
                         0.174241 0.37382 0.174129 17
Training epoch 166, cost  0.174237 0.37382 0.174129 18
                         0.174237 0.37382 0.174129 18
                         0.174237 0.37382 0.174129 18
                         0.174237 0.37382 0.174129 18
                         0.174237 0.37382 0.174129 18
Training epoch 167, cost  0.174237 0.37382 0.174129 19
                         0.174237 0.37382 0.174129 19
                         0.174237 0.37382 0.174129 19
                         0.174237 0.37382 0.174129 19
                         0.174237 0.37382 0.174129 19
Training epoch 168, cost  0.174231 0.37382 0.174129 20
                         0.174231 0.37382 0.174129 20
                         0.174231 0.37382 0.174129 20
                         0.174231 0.37382 0.174129 20
                         0.174231 0.37382 0.174129 20
Training epoch 169, cost  0.174236 0.466278 0.174236 0
                         0.174236 0.466278 0.174236 0
                         0.174236 0.466278 0.174236 0
                         0.174236 0.466278 0.174236 0
                         0.174236 0.466278 0.174236 0
Training epoch 170, cost  0.174967 0.466278 0.174236 1
                         0.174967 0.466278 0.174236 1
                         0.174967 0.466278 0.174236 1
                         0.174967 0.466278 0.174236 1
                         0.174967 0.466278 0.174236 1
Training epoch 171, cost  0.175124 0.466278 0.174236 2
                         0.175124 0.466278 0.174236 2
                         0.175124 0.466278 0.174236 2
                         0.175124 0.466278 0.174236 2
                         0.175124 0.466278 0.174236 2
Training epoch 172, cost  0.175206 0.466278 0.174236 3
                         0.175206 0.466278 0.174236 3
                         0.175206 0.466278 0.174236 3
                         0.175206 0.466278 0.174236 3
                         0.175206 0.466278 0.174236 3
Training epoch 173, cost  0.175248 0.466278 0.174236 4
                         0.175248 0.466278 0.174236 4
                         0.175248 0.466278 0.174236 4
                         0.175248 0.466278 0.174236 4
                         0.175248 0.466278 0.174236 4
Training epoch 174, cost  0.175274 0.466278 0.174236 5
                         0.175274 0.466278 0.174236 5
                         0.175274 0.466278 0.174236 5
                         0.175274 0.466278 0.174236 5
                         0.175274 0.466278 0.174236 5
Training epoch 175, cost  0.175294 0.466278 0.174236 6
                         0.175294 0.466278 0.174236 6
                         0.175294 0.466278 0.174236 6
                         0.175294 0.466278 0.174236 6
                         0.175294 0.466278 0.174236 6
Training epoch 176, cost  0.175306 0.466278 0.174236 7
                         0.175306 0.466278 0.174236 7
                         0.175306 0.466278 0.174236 7
                         0.175306 0.466278 0.174236 7
                         0.175306 0.466278 0.174236 7
Training epoch 177, cost  0.175315 0.466278 0.174236 8
                         0.175315 0.466278 0.174236 8
                         0.175315 0.466278 0.174236 8
                         0.175315 0.466278 0.174236 8
                         0.175315 0.466278 0.174236 8
Training epoch 178, cost  0.175322 0.466278 0.174236 9
                         0.175322 0.466278 0.174236 9
                         0.175322 0.466278 0.174236 9
                         0.175322 0.466278 0.174236 9
                         0.175322 0.466278 0.174236 9
Training epoch 179, cost  0.175332 0.466278 0.174236 10
                         0.175332 0.466278 0.174236 10
                         0.175332 0.466278 0.174236 10
                         0.175332 0.466278 0.174236 10
                         0.175332 0.466278 0.174236 10
Training epoch 180, cost  0.175332 0.466278 0.174236 11
                         0.175332 0.466278 0.174236 11
                         0.175332 0.466278 0.174236 11
                         0.175332 0.466278 0.174236 11
                         0.175332 0.466278 0.174236 11
Training epoch 181, cost  0.175335 0.466278 0.174236 12
                         0.175335 0.466278 0.174236 12
                         0.175335 0.466278 0.174236 12
                         0.175335 0.466278 0.174236 12
                         0.175335 0.466278 0.174236 12
Training epoch 182, cost  0.17534 0.466278 0.174236 13
                         0.17534 0.466278 0.174236 13
                         0.17534 0.466278 0.174236 13
                         0.17534 0.466278 0.174236 13
                         0.17534 0.466278 0.174236 13
Training epoch 183, cost  0.175342 0.466278 0.174236 14
                         0.175342 0.466278 0.174236 14
                         0.175342 0.466278 0.174236 14
                         0.175342 0.466278 0.174236 14
                         0.175342 0.466278 0.174236 14
Training epoch 184, cost  0.175345 0.466278 0.174236 15
                         0.175345 0.466278 0.174236 15
                         0.175345 0.466278 0.174236 15
                         0.175345 0.466278 0.174236 15
                         0.175345 0.466278 0.174236 15
Training epoch 185, cost  0.175345 0.466278 0.174236 16
                         0.175345 0.466278 0.174236 16
                         0.175345 0.466278 0.174236 16
                         0.175345 0.466278 0.174236 16
                         0.175345 0.466278 0.174236 16
Training epoch 186, cost  0.175354 0.466278 0.174236 17
                         0.175354 0.466278 0.174236 17
                         0.175354 0.466278 0.174236 17
                         0.175354 0.466278 0.174236 17
                         0.175354 0.466278 0.174236 17
Training epoch 187, cost  0.175352 0.466278 0.174236 18
                         0.175352 0.466278 0.174236 18
                         0.175352 0.466278 0.174236 18
                         0.175352 0.466278 0.174236 18
                         0.175352 0.466278 0.174236 18
Training epoch 188, cost  0.175356 0.466278 0.174236 19
                         0.175356 0.466278 0.174236 19
                         0.175356 0.466278 0.174236 19
                         0.175356 0.466278 0.174236 19
                         0.175356 0.466278 0.174236 19
Training epoch 189, cost  0.175355 0.466278 0.174236 20
                         0.175355 0.466278 0.174236 20
                         0.175355 0.466278 0.174236 20
                         0.175355 0.466278 0.174236 20
                         0.175355 0.466278 0.174236 20
Training epoch 190, cost  0.175356 0.548776 0.175356 0
                         0.175356 0.548776 0.175356 0
                         0.175356 0.548776 0.175356 0
                         0.175356 0.548776 0.175356 0
                         0.175356 0.548776 0.175356 0
Training epoch 191, cost  0.176126 0.548776 0.175356 1
                         0.176126 0.548776 0.175356 1
                         0.176126 0.548776 0.175356 1
                         0.176126 0.548776 0.175356 1
                         0.176126 0.548776 0.175356 1
Training epoch 192, cost  0.176297 0.548776 0.175356 2
                         0.176297 0.548776 0.175356 2
                         0.176297 0.548776 0.175356 2
                         0.176297 0.548776 0.175356 2
                         0.176297 0.548776 0.175356 2
Training epoch 193, cost  0.17638 0.548776 0.175356 3
                         0.17638 0.548776 0.175356 3
                         0.17638 0.548776 0.175356 3
                         0.17638 0.548776 0.175356 3
                         0.17638 0.548776 0.175356 3
Training epoch 194, cost  0.176438 0.548776 0.175356 4
                         0.176438 0.548776 0.175356 4
                         0.176438 0.548776 0.175356 4
                         0.176438 0.548776 0.175356 4
                         0.176438 0.548776 0.175356 4
Training epoch 195, cost  0.176474 0.548776 0.175356 5
                         0.176474 0.548776 0.175356 5
                         0.176474 0.548776 0.175356 5
                         0.176474 0.548776 0.175356 5
                         0.176474 0.548776 0.175356 5
Training epoch 196, cost  0.176501 0.548776 0.175356 6
                         0.176501 0.548776 0.175356 6
                         0.176501 0.548776 0.175356 6
                         0.176501 0.548776 0.175356 6
                         0.176501 0.548776 0.175356 6
Training epoch 197, cost  0.176523 0.548776 0.175356 7
                         0.176523 0.548776 0.175356 7
                         0.176523 0.548776 0.175356 7
                         0.176523 0.548776 0.175356 7
                         0.176523 0.548776 0.175356 7
Training epoch 198, cost  0.176543 0.548776 0.175356 8
                         0.176543 0.548776 0.175356 8
                         0.176543 0.548776 0.175356 8
                         0.176543 0.548776 0.175356 8
                         0.176543 0.548776 0.175356 8
Training epoch 199, cost  0.176553 0.548776 0.175356 9
                         0.176553 0.548776 0.175356 9
                         0.176553 0.548776 0.175356 9
                         0.176553 0.548776 0.175356 9
                         0.176553 0.548776 0.175356 9
Training epoch 200, cost  0.176565 0.548776 0.175356 10
                         0.176565 0.548776 0.175356 10
                         0.176565 0.548776 0.175356 10
                         0.176565 0.548776 0.175356 10
                         0.176565 0.548776 0.175356 10
[MESSAGE] The model is trained
[MESSAGE] The supervised model is built
MLP MODEL
     epoch 1, minibatch 500/500, test error 88.600000 %
MLP MODEL
     epoch 2, minibatch 500/500, test error 84.410000 %
MLP MODEL
     epoch 3, minibatch 500/500, test error 84.420000 %
MLP MODEL
     epoch 4, minibatch 500/500, test error 84.400000 %
MLP MODEL
     epoch 5, minibatch 500/500, test error 83.730000 %
MLP MODEL
     epoch 6, minibatch 500/500, test error 83.660000 %
MLP MODEL
     epoch 7, minibatch 500/500, test error 83.660000 %
MLP MODEL
     epoch 8, minibatch 500/500, test error 83.770000 %
MLP MODEL
     epoch 9, minibatch 500/500, test error 83.520000 %
MLP MODEL
     epoch 10, minibatch 500/500, test error 83.440000 %
MLP MODEL
     epoch 11, minibatch 500/500, test error 83.260000 %
MLP MODEL
     epoch 12, minibatch 500/500, test error 83.290000 %
MLP MODEL
     epoch 13, minibatch 500/500, test error 83.260000 %
MLP MODEL
     epoch 14, minibatch 500/500, test error 82.920000 %
MLP MODEL
     epoch 15, minibatch 500/500, test error 82.350000 %
MLP MODEL
     epoch 16, minibatch 500/500, test error 81.660000 %
MLP MODEL
     epoch 17, minibatch 500/500, test error 81.450000 %
MLP MODEL
     epoch 18, minibatch 500/500, test error 80.470000 %
MLP MODEL
     epoch 19, minibatch 500/500, test error 78.910000 %
MLP MODEL
     epoch 20, minibatch 500/500, test error 77.480000 %
MLP MODEL
     epoch 21, minibatch 500/500, test error 74.840000 %
MLP MODEL
     epoch 22, minibatch 500/500, test error 72.900000 %
MLP MODEL
     epoch 23, minibatch 500/500, test error 71.760000 %
MLP MODEL
     epoch 24, minibatch 500/500, test error 68.490000 %
MLP MODEL
     epoch 25, minibatch 500/500, test error 63.430000 %
MLP MODEL
     epoch 26, minibatch 500/500, test error 59.010000 %
MLP MODEL
     epoch 27, minibatch 500/500, test error 55.290000 %
MLP MODEL
     epoch 28, minibatch 500/500, test error 50.480000 %
MLP MODEL
     epoch 29, minibatch 500/500, test error 45.750000 %
MLP MODEL
     epoch 30, minibatch 500/500, test error 43.540000 %
MLP MODEL
     epoch 31, minibatch 500/500, test error 41.540000 %
MLP MODEL
     epoch 32, minibatch 500/500, test error 39.970000 %
MLP MODEL
     epoch 33, minibatch 500/500, test error 37.310000 %
MLP MODEL
     epoch 34, minibatch 500/500, test error 36.860000 %
MLP MODEL
     epoch 35, minibatch 500/500, test error 37.290000 %
MLP MODEL
     epoch 36, minibatch 500/500, test error 36.930000 %
MLP MODEL
     epoch 37, minibatch 500/500, test error 35.310000 %
MLP MODEL
     epoch 38, minibatch 500/500, test error 35.070000 %
MLP MODEL
     epoch 39, minibatch 500/500, test error 35.930000 %
MLP MODEL
     epoch 40, minibatch 500/500, test error 35.270000 %
MLP MODEL
     epoch 41, minibatch 500/500, test error 34.820000 %
MLP MODEL
     epoch 42, minibatch 500/500, test error 33.980000 %
MLP MODEL
     epoch 43, minibatch 500/500, test error 34.050000 %
MLP MODEL
     epoch 44, minibatch 500/500, test error 32.970000 %
MLP MODEL
     epoch 45, minibatch 500/500, test error 33.120000 %
MLP MODEL
     epoch 46, minibatch 500/500, test error 33.080000 %
MLP MODEL
     epoch 47, minibatch 500/500, test error 33.320000 %
MLP MODEL
     epoch 48, minibatch 500/500, test error 38.160000 %
MLP MODEL
     epoch 49, minibatch 500/500, test error 32.520000 %
MLP MODEL
     epoch 50, minibatch 500/500, test error 32.160000 %
MLP MODEL
     epoch 51, minibatch 500/500, test error 33.960000 %
MLP MODEL
     epoch 52, minibatch 500/500, test error 33.420000 %
MLP MODEL
     epoch 53, minibatch 500/500, test error 36.730000 %
MLP MODEL
     epoch 54, minibatch 500/500, test error 32.700000 %
MLP MODEL
     epoch 55, minibatch 500/500, test error 33.200000 %
MLP MODEL
     epoch 56, minibatch 500/500, test error 34.950000 %
MLP MODEL
     epoch 57, minibatch 500/500, test error 32.330000 %
MLP MODEL
     epoch 58, minibatch 500/500, test error 32.260000 %
MLP MODEL
     epoch 59, minibatch 500/500, test error 32.150000 %
MLP MODEL
     epoch 60, minibatch 500/500, test error 33.540000 %
MLP MODEL
     epoch 61, minibatch 500/500, test error 32.770000 %
MLP MODEL
     epoch 62, minibatch 500/500, test error 35.230000 %
MLP MODEL
     epoch 63, minibatch 500/500, test error 34.120000 %
MLP MODEL
     epoch 64, minibatch 500/500, test error 32.060000 %
MLP MODEL
     epoch 65, minibatch 500/500, test error 35.700000 %
MLP MODEL
     epoch 66, minibatch 500/500, test error 33.220000 %
MLP MODEL
     epoch 67, minibatch 500/500, test error 33.950000 %
MLP MODEL
     epoch 68, minibatch 500/500, test error 33.910000 %
MLP MODEL
     epoch 69, minibatch 500/500, test error 33.610000 %
MLP MODEL
     epoch 70, minibatch 500/500, test error 33.400000 %
MLP MODEL
     epoch 71, minibatch 500/500, test error 32.660000 %
MLP MODEL
     epoch 72, minibatch 500/500, test error 33.350000 %
MLP MODEL
     epoch 73, minibatch 500/500, test error 33.150000 %
MLP MODEL
     epoch 74, minibatch 500/500, test error 33.350000 %
MLP MODEL
     epoch 75, minibatch 500/500, test error 35.040000 %
MLP MODEL
     epoch 76, minibatch 500/500, test error 34.350000 %
MLP MODEL
     epoch 77, minibatch 500/500, test error 34.590000 %
MLP MODEL
     epoch 78, minibatch 500/500, test error 33.570000 %
MLP MODEL
     epoch 79, minibatch 500/500, test error 33.120000 %
MLP MODEL
     epoch 80, minibatch 500/500, test error 33.170000 %
MLP MODEL
     epoch 81, minibatch 500/500, test error 33.050000 %
MLP MODEL
     epoch 82, minibatch 500/500, test error 32.540000 %
MLP MODEL
     epoch 83, minibatch 500/500, test error 33.110000 %
MLP MODEL
     epoch 84, minibatch 500/500, test error 32.970000 %
MLP MODEL
     epoch 85, minibatch 500/500, test error 35.690000 %
MLP MODEL
     epoch 86, minibatch 500/500, test error 33.300000 %
MLP MODEL
     epoch 87, minibatch 500/500, test error 33.400000 %
MLP MODEL
     epoch 88, minibatch 500/500, test error 33.470000 %
MLP MODEL
     epoch 89, minibatch 500/500, test error 33.490000 %
MLP MODEL
     epoch 90, minibatch 500/500, test error 32.670000 %
MLP MODEL
     epoch 91, minibatch 500/500, test error 33.300000 %
MLP MODEL
     epoch 92, minibatch 500/500, test error 33.300000 %
MLP MODEL
     epoch 93, minibatch 500/500, test error 34.300000 %
MLP MODEL
     epoch 94, minibatch 500/500, test error 33.900000 %
MLP MODEL
     epoch 95, minibatch 500/500, test error 33.030000 %
MLP MODEL
     epoch 96, minibatch 500/500, test error 33.540000 %
MLP MODEL
     epoch 97, minibatch 500/500, test error 33.860000 %
MLP MODEL
     epoch 98, minibatch 500/500, test error 32.560000 %
MLP MODEL
     epoch 99, minibatch 500/500, test error 33.230000 %
MLP MODEL
     epoch 100, minibatch 500/500, test error 33.120000 %
MLP MODEL
     epoch 101, minibatch 500/500, test error 33.530000 %
MLP MODEL
     epoch 102, minibatch 500/500, test error 33.110000 %
MLP MODEL
     epoch 103, minibatch 500/500, test error 32.900000 %
MLP MODEL
     epoch 104, minibatch 500/500, test error 32.790000 %
MLP MODEL
     epoch 105, minibatch 500/500, test error 32.470000 %
MLP MODEL
     epoch 106, minibatch 500/500, test error 34.210000 %
MLP MODEL
     epoch 107, minibatch 500/500, test error 33.080000 %
MLP MODEL
     epoch 108, minibatch 500/500, test error 33.420000 %
MLP MODEL
     epoch 109, minibatch 500/500, test error 32.800000 %
MLP MODEL
     epoch 110, minibatch 500/500, test error 33.140000 %
MLP MODEL
     epoch 111, minibatch 500/500, test error 32.600000 %
MLP MODEL
     epoch 112, minibatch 500/500, test error 33.680000 %
MLP MODEL
     epoch 113, minibatch 500/500, test error 33.020000 %
MLP MODEL
     epoch 114, minibatch 500/500, test error 32.520000 %
MLP MODEL
     epoch 115, minibatch 500/500, test error 32.090000 %
MLP MODEL
     epoch 116, minibatch 500/500, test error 32.220000 %
MLP MODEL
     epoch 117, minibatch 500/500, test error 32.950000 %
MLP MODEL
     epoch 118, minibatch 500/500, test error 33.460000 %
MLP MODEL
     epoch 119, minibatch 500/500, test error 32.630000 %
MLP MODEL
     epoch 120, minibatch 500/500, test error 32.070000 %
MLP MODEL
     epoch 121, minibatch 500/500, test error 32.690000 %
MLP MODEL
     epoch 122, minibatch 500/500, test error 32.350000 %
MLP MODEL
     epoch 123, minibatch 500/500, test error 33.160000 %
MLP MODEL
     epoch 124, minibatch 500/500, test error 32.590000 %
MLP MODEL
     epoch 125, minibatch 500/500, test error 32.310000 %
MLP MODEL
     epoch 126, minibatch 500/500, test error 32.640000 %
MLP MODEL
     epoch 127, minibatch 500/500, test error 32.900000 %
MLP MODEL
     epoch 128, minibatch 500/500, test error 32.590000 %
MLP MODEL
     epoch 129, minibatch 500/500, test error 32.840000 %
MLP MODEL
     epoch 130, minibatch 500/500, test error 33.190000 %
MLP MODEL
     epoch 131, minibatch 500/500, test error 31.810000 %
MLP MODEL
     epoch 132, minibatch 500/500, test error 33.280000 %
MLP MODEL
     epoch 133, minibatch 500/500, test error 32.680000 %
MLP MODEL
     epoch 134, minibatch 500/500, test error 32.810000 %
MLP MODEL
     epoch 135, minibatch 500/500, test error 32.610000 %
MLP MODEL
     epoch 136, minibatch 500/500, test error 32.860000 %
MLP MODEL
     epoch 137, minibatch 500/500, test error 32.940000 %
MLP MODEL
     epoch 138, minibatch 500/500, test error 32.430000 %
MLP MODEL
     epoch 139, minibatch 500/500, test error 32.410000 %
MLP MODEL
     epoch 140, minibatch 500/500, test error 32.740000 %
MLP MODEL
     epoch 141, minibatch 500/500, test error 32.410000 %
MLP MODEL
     epoch 142, minibatch 500/500, test error 32.800000 %
MLP MODEL
     epoch 143, minibatch 500/500, test error 32.680000 %
MLP MODEL
     epoch 144, minibatch 500/500, test error 31.900000 %
MLP MODEL
     epoch 145, minibatch 500/500, test error 32.300000 %
MLP MODEL
     epoch 146, minibatch 500/500, test error 31.970000 %
MLP MODEL
     epoch 147, minibatch 500/500, test error 32.110000 %
MLP MODEL
     epoch 148, minibatch 500/500, test error 32.940000 %
MLP MODEL
     epoch 149, minibatch 500/500, test error 32.770000 %
MLP MODEL
     epoch 150, minibatch 500/500, test error 32.020000 %
MLP MODEL
     epoch 151, minibatch 500/500, test error 32.670000 %
MLP MODEL
     epoch 152, minibatch 500/500, test error 32.490000 %
MLP MODEL
     epoch 153, minibatch 500/500, test error 32.790000 %
MLP MODEL
     epoch 154, minibatch 500/500, test error 32.550000 %
MLP MODEL
     epoch 155, minibatch 500/500, test error 31.870000 %
MLP MODEL
     epoch 156, minibatch 500/500, test error 31.670000 %
MLP MODEL
     epoch 157, minibatch 500/500, test error 32.370000 %
MLP MODEL
     epoch 158, minibatch 500/500, test error 32.390000 %
MLP MODEL
     epoch 159, minibatch 500/500, test error 32.260000 %
MLP MODEL
     epoch 160, minibatch 500/500, test error 33.420000 %
MLP MODEL
     epoch 161, minibatch 500/500, test error 33.000000 %
MLP MODEL
     epoch 162, minibatch 500/500, test error 32.290000 %
MLP MODEL
     epoch 163, minibatch 500/500, test error 32.660000 %
MLP MODEL
     epoch 164, minibatch 500/500, test error 32.240000 %
MLP MODEL
     epoch 165, minibatch 500/500, test error 31.840000 %
MLP MODEL
     epoch 166, minibatch 500/500, test error 33.010000 %
MLP MODEL
     epoch 167, minibatch 500/500, test error 32.190000 %
MLP MODEL
     epoch 168, minibatch 500/500, test error 32.170000 %
MLP MODEL
     epoch 169, minibatch 500/500, test error 32.510000 %
MLP MODEL
     epoch 170, minibatch 500/500, test error 32.230000 %
MLP MODEL
     epoch 171, minibatch 500/500, test error 32.110000 %
MLP MODEL
     epoch 172, minibatch 500/500, test error 31.730000 %
MLP MODEL
     epoch 173, minibatch 500/500, test error 32.110000 %
MLP MODEL
     epoch 174, minibatch 500/500, test error 31.750000 %
MLP MODEL
     epoch 175, minibatch 500/500, test error 32.050000 %
MLP MODEL
     epoch 176, minibatch 500/500, test error 32.160000 %
MLP MODEL
     epoch 177, minibatch 500/500, test error 33.060000 %
MLP MODEL
     epoch 178, minibatch 500/500, test error 32.620000 %
MLP MODEL
     epoch 179, minibatch 500/500, test error 32.120000 %
MLP MODEL
     epoch 180, minibatch 500/500, test error 32.420000 %
MLP MODEL
     epoch 181, minibatch 500/500, test error 32.410000 %
MLP MODEL
     epoch 182, minibatch 500/500, test error 32.570000 %
MLP MODEL
     epoch 183, minibatch 500/500, test error 33.120000 %
MLP MODEL
     epoch 184, minibatch 500/500, test error 32.280000 %
MLP MODEL
     epoch 185, minibatch 500/500, test error 32.090000 %
MLP MODEL
     epoch 186, minibatch 500/500, test error 32.220000 %
MLP MODEL
     epoch 187, minibatch 500/500, test error 32.220000 %
MLP MODEL
     epoch 188, minibatch 500/500, test error 32.350000 %
MLP MODEL
     epoch 189, minibatch 500/500, test error 32.160000 %
MLP MODEL
     epoch 190, minibatch 500/500, test error 32.090000 %
MLP MODEL
     epoch 191, minibatch 500/500, test error 31.580000 %
MLP MODEL
     epoch 192, minibatch 500/500, test error 32.670000 %
MLP MODEL
     epoch 193, minibatch 500/500, test error 31.860000 %
MLP MODEL
     epoch 194, minibatch 500/500, test error 31.800000 %
MLP MODEL
     epoch 195, minibatch 500/500, test error 31.710000 %
MLP MODEL
     epoch 196, minibatch 500/500, test error 31.940000 %
MLP MODEL
     epoch 197, minibatch 500/500, test error 32.410000 %
MLP MODEL
     epoch 198, minibatch 500/500, test error 32.430000 %
MLP MODEL
     epoch 199, minibatch 500/500, test error 32.160000 %
MLP MODEL
     epoch 200, minibatch 500/500, test error 31.930000 %

---------------------------------------------
Total time taken is :  2493.7803135   minutes
completed saving filters till :  0
completed saving filters till :  0
completed saving filters till :  0
completed saving filters till :  0
completed saving filters till :  0
completed saving filters till :  10
completed saving filters till :  10
completed saving filters till :  10
completed saving filters till :  10
completed saving filters till :  10
completed saving filters till :  20
completed saving filters till :  20
completed saving filters till :  20
completed saving filters till :  20
completed saving filters till :  20
completed saving filters till :  30
completed saving filters till :  30
completed saving filters till :  30
completed saving filters till :  30
completed saving filters till :  30
completed saving filters till :  40
completed saving filters till :  40
completed saving filters till :  40
completed saving filters till :  40
completed saving filters till :  40
completed saving filters till :  50
completed saving filters till :  50
completed saving filters till :  50
completed saving filters till :  50
completed saving filters till :  50
completed saving filters till :  60
completed saving filters till :  60
completed saving filters till :  60
completed saving filters till :  60
completed saving filters till :  60
completed saving filters till :  70
completed saving filters till :  70
completed saving filters till :  70
completed saving filters till :  70
completed saving filters till :  70
completed saving filters till :  80
completed saving filters till :  80
completed saving filters till :  80
completed saving filters till :  80
completed saving filters till :  80
completed saving filters till :  90
completed saving filters till :  90
completed saving filters till :  90
completed saving filters till :  90
completed saving filters till :  90
completed saving filters till :  100
completed saving filters till :  100
completed saving filters till :  100
completed saving filters till :  100
completed saving filters till :  100
completed saving filters till :  110
completed saving filters till :  110
completed saving filters till :  110
completed saving filters till :  110
completed saving filters till :  110
completed saving filters till :  120
completed saving filters till :  120
completed saving filters till :  120
completed saving filters till :  120
completed saving filters till :  120

