Using gpu device 0: GeForce GTX 980
[MESSAGE] The data is loaded
[MESSAGE] The 5-layer model is built
Training epoch 1, cost  0.300228 0.603694 0.300228 0
                         0.300228 0.603694 0.300228 0
                         0.300228 0.603694 0.300228 0
                         0.300228 0.603694 0.300228 0
                         0.300228 0.603694 0.300228 0
[TIME TAKEN ]          : 1300.43873811
Training epoch 2, cost  0.173116 0.603694 0.300228 1
                         0.173116 0.603694 0.300228 1
                         0.173116 0.603694 0.300228 1
                         0.173116 0.603694 0.300228 1
                         0.173116 0.603694 0.300228 1
[TIME TAKEN ]          : 1300.51946497
Training epoch 3, cost  0.173462 0.603694 0.300228 2
                         0.173462 0.603694 0.300228 2
                         0.173462 0.603694 0.300228 2
                         0.173462 0.603694 0.300228 2
                         0.173462 0.603694 0.300228 2
[TIME TAKEN ]          : 1192.47471118
Training epoch 4, cost  0.173578 0.603694 0.300228 3
                         0.173578 0.603694 0.300228 3
                         0.173578 0.603694 0.300228 3
                         0.173578 0.603694 0.300228 3
                         0.173578 0.603694 0.300228 3
[TIME TAKEN ]          : 691.608511925
Training epoch 5, cost  0.173659 0.603694 0.300228 4
                         0.173659 0.603694 0.300228 4
                         0.173659 0.603694 0.300228 4
                         0.173659 0.603694 0.300228 4
                         0.173659 0.603694 0.300228 4
[TIME TAKEN ]          : 691.844816923
Training epoch 6, cost  0.173729 0.603694 0.300228 5
                         0.173729 0.603694 0.300228 5
                         0.173729 0.603694 0.300228 5
                         0.173729 0.603694 0.300228 5
                         0.173729 0.603694 0.300228 5
[TIME TAKEN ]          : 692.165518999
Training epoch 7, cost  0.173785 0.603694 0.300228 6
                         0.173785 0.603694 0.300228 6
                         0.173785 0.603694 0.300228 6
                         0.173785 0.603694 0.300228 6
                         0.173785 0.603694 0.300228 6
[TIME TAKEN ]          : 691.794393063
Training epoch 8, cost  0.173833 0.603694 0.300228 7
                         0.173833 0.603694 0.300228 7
                         0.173833 0.603694 0.300228 7
                         0.173833 0.603694 0.300228 7
                         0.173833 0.603694 0.300228 7
[TIME TAKEN ]          : 691.98951602
Training epoch 9, cost  0.173876 0.603694 0.300228 8
                         0.173876 0.603694 0.300228 8
                         0.173876 0.603694 0.300228 8
                         0.173876 0.603694 0.300228 8
                         0.173876 0.603694 0.300228 8
[TIME TAKEN ]          : 691.921514988
Training epoch 10, cost  0.173916 0.603694 0.300228 9
                         0.173916 0.603694 0.300228 9
                         0.173916 0.603694 0.300228 9
                         0.173916 0.603694 0.300228 9
                         0.173916 0.603694 0.300228 9
[TIME TAKEN ]          : 692.026829958
Training epoch 11, cost  0.17394 0.603694 0.300228 10
                         0.17394 0.603694 0.300228 10
                         0.17394 0.603694 0.300228 10
                         0.17394 0.603694 0.300228 10
                         0.17394 0.603694 0.300228 10
[TIME TAKEN ]          : 692.001821041
Training epoch 12, cost  0.173966 0.603694 0.300228 11
                         0.173966 0.603694 0.300228 11
                         0.173966 0.603694 0.300228 11
                         0.173966 0.603694 0.300228 11
                         0.173966 0.603694 0.300228 11
[TIME TAKEN ]          : 691.856318951
Training epoch 13, cost  0.173987 0.603694 0.300228 12
                         0.173987 0.603694 0.300228 12
                         0.173987 0.603694 0.300228 12
                         0.173987 0.603694 0.300228 12
                         0.173987 0.603694 0.300228 12
[TIME TAKEN ]          : 691.924000025
Training epoch 14, cost  0.174005 0.603694 0.300228 13
                         0.174005 0.603694 0.300228 13
                         0.174005 0.603694 0.300228 13
                         0.174005 0.603694 0.300228 13
                         0.174005 0.603694 0.300228 13
[TIME TAKEN ]          : 692.060719967
Training epoch 15, cost  0.174021 0.603694 0.300228 14
                         0.174021 0.603694 0.300228 14
                         0.174021 0.603694 0.300228 14
                         0.174021 0.603694 0.300228 14
                         0.174021 0.603694 0.300228 14
[TIME TAKEN ]          : 691.881710052
Training epoch 16, cost  0.174028 0.603694 0.300228 15
                         0.174028 0.603694 0.300228 15
                         0.174028 0.603694 0.300228 15
                         0.174028 0.603694 0.300228 15
                         0.174028 0.603694 0.300228 15
[TIME TAKEN ]          : 692.227249861
Training epoch 17, cost  0.174039 0.603694 0.300228 16
                         0.174039 0.603694 0.300228 16
                         0.174039 0.603694 0.300228 16
                         0.174039 0.603694 0.300228 16
                         0.174039 0.603694 0.300228 16
[TIME TAKEN ]          : 692.083142042
Training epoch 18, cost  0.174051 0.603694 0.300228 17
                         0.174051 0.603694 0.300228 17
                         0.174051 0.603694 0.300228 17
                         0.174051 0.603694 0.300228 17
                         0.174051 0.603694 0.300228 17
[TIME TAKEN ]          : 692.130155087
Training epoch 19, cost  0.174056 0.603694 0.300228 18
                         0.174056 0.603694 0.300228 18
                         0.174056 0.603694 0.300228 18
                         0.174056 0.603694 0.300228 18
                         0.174056 0.603694 0.300228 18
[TIME TAKEN ]          : 692.077717066
Training epoch 20, cost  0.174062 0.603694 0.300228 19
                         0.174062 0.603694 0.300228 19
                         0.174062 0.603694 0.300228 19
                         0.174062 0.603694 0.300228 19
                         0.174062 0.603694 0.300228 19
[TIME TAKEN ]          : 692.184079885
Training epoch 21, cost  0.174065 0.603694 0.300228 20
                         0.174065 0.603694 0.300228 20
                         0.174065 0.603694 0.300228 20
                         0.174065 0.603694 0.300228 20
                         0.174065 0.603694 0.300228 20
[TIME TAKEN ]          : 691.9616642
Training epoch 22, cost  0.17407 0.721221 0.17407 0
                         0.17407 0.721221 0.17407 0
                         0.17407 0.721221 0.17407 0
                         0.17407 0.721221 0.17407 0
                         0.17407 0.721221 0.17407 0
[TIME TAKEN ]          : 692.216766119
Training epoch 23, cost  0.175264 0.721221 0.17407 1
                         0.175264 0.721221 0.17407 1
                         0.175264 0.721221 0.17407 1
                         0.175264 0.721221 0.17407 1
                         0.175264 0.721221 0.17407 1
[TIME TAKEN ]          : 682.334263802
Training epoch 24, cost  0.175318 0.721221 0.17407 2
                         0.175318 0.721221 0.17407 2
                         0.175318 0.721221 0.17407 2
                         0.175318 0.721221 0.17407 2
                         0.175318 0.721221 0.17407 2
[TIME TAKEN ]          : 682.372637033
Training epoch 25, cost  0.175332 0.721221 0.17407 3
                         0.175332 0.721221 0.17407 3
                         0.175332 0.721221 0.17407 3
                         0.175332 0.721221 0.17407 3
                         0.175332 0.721221 0.17407 3
[TIME TAKEN ]          : 682.334486008
Training epoch 26, cost  0.175353 0.721221 0.17407 4
                         0.175353 0.721221 0.17407 4
                         0.175353 0.721221 0.17407 4
                         0.175353 0.721221 0.17407 4
                         0.175353 0.721221 0.17407 4
[TIME TAKEN ]          : 682.893357038
Training epoch 27, cost  0.175366 0.721221 0.17407 5
                         0.175366 0.721221 0.17407 5
                         0.175366 0.721221 0.17407 5
                         0.175366 0.721221 0.17407 5
                         0.175366 0.721221 0.17407 5
[TIME TAKEN ]          : 682.382785082
Training epoch 28, cost  0.175385 0.721221 0.17407 6
                         0.175385 0.721221 0.17407 6
                         0.175385 0.721221 0.17407 6
                         0.175385 0.721221 0.17407 6
                         0.175385 0.721221 0.17407 6
[TIME TAKEN ]          : 682.31853199
Training epoch 29, cost  0.175399 0.721221 0.17407 7
                         0.175399 0.721221 0.17407 7
                         0.175399 0.721221 0.17407 7
                         0.175399 0.721221 0.17407 7
                         0.175399 0.721221 0.17407 7
[TIME TAKEN ]          : 682.338644028
Training epoch 30, cost  0.175406 0.721221 0.17407 8
                         0.175406 0.721221 0.17407 8
                         0.175406 0.721221 0.17407 8
                         0.175406 0.721221 0.17407 8
                         0.175406 0.721221 0.17407 8
[TIME TAKEN ]          : 682.06122303
Training epoch 31, cost  0.175418 0.721221 0.17407 9
                         0.175418 0.721221 0.17407 9
                         0.175418 0.721221 0.17407 9
                         0.175418 0.721221 0.17407 9
                         0.175418 0.721221 0.17407 9
[TIME TAKEN ]          : 682.421648979
Training epoch 32, cost  0.175423 0.721221 0.17407 10
                         0.175423 0.721221 0.17407 10
                         0.175423 0.721221 0.17407 10
                         0.175423 0.721221 0.17407 10
                         0.175423 0.721221 0.17407 10
[TIME TAKEN ]          : 682.412233114
Training epoch 33, cost  0.175429 0.721221 0.17407 11
                         0.175429 0.721221 0.17407 11
                         0.175429 0.721221 0.17407 11
                         0.175429 0.721221 0.17407 11
                         0.175429 0.721221 0.17407 11
[TIME TAKEN ]          : 682.430233955
Training epoch 34, cost  0.175439 0.721221 0.17407 12
                         0.175439 0.721221 0.17407 12
                         0.175439 0.721221 0.17407 12
                         0.175439 0.721221 0.17407 12
                         0.175439 0.721221 0.17407 12
[TIME TAKEN ]          : 682.32113409
Training epoch 35, cost  0.175444 0.721221 0.17407 13
                         0.175444 0.721221 0.17407 13
                         0.175444 0.721221 0.17407 13
                         0.175444 0.721221 0.17407 13
                         0.175444 0.721221 0.17407 13
[TIME TAKEN ]          : 682.723941088
Training epoch 36, cost  0.175449 0.721221 0.17407 14
                         0.175449 0.721221 0.17407 14
                         0.175449 0.721221 0.17407 14
                         0.175449 0.721221 0.17407 14
                         0.175449 0.721221 0.17407 14
[TIME TAKEN ]          : 682.494124174
Training epoch 37, cost  0.175454 0.721221 0.17407 15
                         0.175454 0.721221 0.17407 15
                         0.175454 0.721221 0.17407 15
                         0.175454 0.721221 0.17407 15
                         0.175454 0.721221 0.17407 15
[TIME TAKEN ]          : 682.266927958
Training epoch 38, cost  0.175454 0.721221 0.17407 16
                         0.175454 0.721221 0.17407 16
                         0.175454 0.721221 0.17407 16
                         0.175454 0.721221 0.17407 16
                         0.175454 0.721221 0.17407 16
[TIME TAKEN ]          : 682.379286051
Training epoch 39, cost  0.175461 0.721221 0.17407 17
                         0.175461 0.721221 0.17407 17
                         0.175461 0.721221 0.17407 17
                         0.175461 0.721221 0.17407 17
                         0.175461 0.721221 0.17407 17
[TIME TAKEN ]          : 682.303088903
Training epoch 40, cost  0.175464 0.721221 0.17407 18
                         0.175464 0.721221 0.17407 18
                         0.175464 0.721221 0.17407 18
                         0.175464 0.721221 0.17407 18
                         0.175464 0.721221 0.17407 18
[TIME TAKEN ]          : 682.683115005
Training epoch 41, cost  0.175461 0.721221 0.17407 19
                         0.175461 0.721221 0.17407 19
                         0.175461 0.721221 0.17407 19
                         0.175461 0.721221 0.17407 19
                         0.175461 0.721221 0.17407 19
[TIME TAKEN ]          : 682.739207029
Training epoch 42, cost  0.175462 0.721221 0.17407 20
                         0.175462 0.721221 0.17407 20
                         0.175462 0.721221 0.17407 20
                         0.175462 0.721221 0.17407 20
                         0.175462 0.721221 0.17407 20
[TIME TAKEN ]          : 682.664530993
Training epoch 43, cost  0.175463 0.627348 0.175463 0
                         0.175463 0.627348 0.175463 0
                         0.175463 0.627348 0.175463 0
                         0.175463 0.627348 0.175463 0
                         0.175463 0.627348 0.175463 0
[TIME TAKEN ]          : 682.314517021
Training epoch 44, cost  0.174476 0.627348 0.175463 1
                         0.174476 0.627348 0.175463 1
                         0.174476 0.627348 0.175463 1
                         0.174476 0.627348 0.175463 1
                         0.174476 0.627348 0.175463 1
[TIME TAKEN ]          : 690.302507877
Training epoch 45, cost  0.174427 0.627348 0.175463 2
                         0.174427 0.627348 0.175463 2
                         0.174427 0.627348 0.175463 2
                         0.174427 0.627348 0.175463 2
                         0.174427 0.627348 0.175463 2
[TIME TAKEN ]          : 690.69022584
Training epoch 46, cost  0.17442 0.627348 0.175463 3
                         0.17442 0.627348 0.175463 3
                         0.17442 0.627348 0.175463 3
                         0.17442 0.627348 0.175463 3
                         0.17442 0.627348 0.175463 3
[TIME TAKEN ]          : 690.095743895
Training epoch 47, cost  0.174402 0.627348 0.175463 4
                         0.174402 0.627348 0.175463 4
                         0.174402 0.627348 0.175463 4
                         0.174402 0.627348 0.175463 4
                         0.174402 0.627348 0.175463 4
[TIME TAKEN ]          : 690.623519182
Training epoch 48, cost  0.174393 0.627348 0.175463 5
                         0.174393 0.627348 0.175463 5
                         0.174393 0.627348 0.175463 5
                         0.174393 0.627348 0.175463 5
                         0.174393 0.627348 0.175463 5
[TIME TAKEN ]          : 690.365470171
Training epoch 49, cost  0.174383 0.627348 0.175463 6
                         0.174383 0.627348 0.175463 6
                         0.174383 0.627348 0.175463 6
                         0.174383 0.627348 0.175463 6
                         0.174383 0.627348 0.175463 6
[TIME TAKEN ]          : 690.568392038
Training epoch 50, cost  0.174375 0.627348 0.175463 7
                         0.174375 0.627348 0.175463 7
                         0.174375 0.627348 0.175463 7
                         0.174375 0.627348 0.175463 7
                         0.174375 0.627348 0.175463 7
[TIME TAKEN ]          : 693.285207033
Training epoch 51, cost  0.174367 0.627348 0.175463 8
                         0.174367 0.627348 0.175463 8
                         0.174367 0.627348 0.175463 8
                         0.174367 0.627348 0.175463 8
                         0.174367 0.627348 0.175463 8
[TIME TAKEN ]          : 692.644719124
Training epoch 52, cost  0.174363 0.627348 0.175463 9
                         0.174363 0.627348 0.175463 9
                         0.174363 0.627348 0.175463 9
                         0.174363 0.627348 0.175463 9
                         0.174363 0.627348 0.175463 9
[TIME TAKEN ]          : 692.786662817
Training epoch 53, cost  0.174358 0.627348 0.175463 10
                         0.174358 0.627348 0.175463 10
                         0.174358 0.627348 0.175463 10
                         0.174358 0.627348 0.175463 10
                         0.174358 0.627348 0.175463 10
[TIME TAKEN ]          : 692.76870203
Training epoch 54, cost  0.174352 0.627348 0.175463 11
                         0.174352 0.627348 0.175463 11
                         0.174352 0.627348 0.175463 11
                         0.174352 0.627348 0.175463 11
                         0.174352 0.627348 0.175463 11
[TIME TAKEN ]          : 693.471653938
Training epoch 55, cost  0.174354 0.627348 0.175463 12
                         0.174354 0.627348 0.175463 12
                         0.174354 0.627348 0.175463 12
                         0.174354 0.627348 0.175463 12
                         0.174354 0.627348 0.175463 12
[TIME TAKEN ]          : 692.671814919
Training epoch 56, cost  0.17435 0.627348 0.175463 13
                         0.17435 0.627348 0.175463 13
                         0.17435 0.627348 0.175463 13
                         0.17435 0.627348 0.175463 13
                         0.17435 0.627348 0.175463 13
[TIME TAKEN ]          : 692.95012784
Training epoch 57, cost  0.17435 0.627348 0.175463 14
                         0.17435 0.627348 0.175463 14
                         0.17435 0.627348 0.175463 14
                         0.17435 0.627348 0.175463 14
                         0.17435 0.627348 0.175463 14
[TIME TAKEN ]          : 692.799391031
Training epoch 58, cost  0.174343 0.627348 0.175463 15
                         0.174343 0.627348 0.175463 15
                         0.174343 0.627348 0.175463 15
                         0.174343 0.627348 0.175463 15
                         0.174343 0.627348 0.175463 15
[TIME TAKEN ]          : 692.814992905
Training epoch 59, cost  0.174341 0.627348 0.175463 16
                         0.174341 0.627348 0.175463 16
                         0.174341 0.627348 0.175463 16
                         0.174341 0.627348 0.175463 16
                         0.174341 0.627348 0.175463 16
[TIME TAKEN ]          : 693.410182953
Training epoch 60, cost  0.174341 0.627348 0.175463 17
                         0.174341 0.627348 0.175463 17
                         0.174341 0.627348 0.175463 17
                         0.174341 0.627348 0.175463 17
                         0.174341 0.627348 0.175463 17
[TIME TAKEN ]          : 693.011995077
Training epoch 61, cost  0.174342 0.627348 0.175463 18
                         0.174342 0.627348 0.175463 18
                         0.174342 0.627348 0.175463 18
                         0.174342 0.627348 0.175463 18
                         0.174342 0.627348 0.175463 18
[TIME TAKEN ]          : 692.8568151
Training epoch 62, cost  0.174343 0.627348 0.175463 19
                         0.174343 0.627348 0.175463 19
                         0.174343 0.627348 0.175463 19
                         0.174343 0.627348 0.175463 19
                         0.174343 0.627348 0.175463 19
[TIME TAKEN ]          : 692.863741875
Training epoch 63, cost  0.174341 0.627348 0.175463 20
                         0.174341 0.627348 0.175463 20
                         0.174341 0.627348 0.175463 20
                         0.174341 0.627348 0.175463 20
                         0.174341 0.627348 0.175463 20
[TIME TAKEN ]          : 692.539005995
Training epoch 64, cost  0.17434 0.544758 0.17434 0
                         0.17434 0.544758 0.17434 0
                         0.17434 0.544758 0.17434 0
                         0.17434 0.544758 0.17434 0
                         0.17434 0.544758 0.17434 0
[TIME TAKEN ]          : 694.150261879
Training epoch 65, cost  0.173679 0.544758 0.17434 1
                         0.173679 0.544758 0.17434 1
                         0.173679 0.544758 0.17434 1
                         0.173679 0.544758 0.17434 1
                         0.173679 0.544758 0.17434 1
[TIME TAKEN ]          : 697.417397022
Training epoch 66, cost  0.173671 0.544758 0.17434 2
                         0.173671 0.544758 0.17434 2
                         0.173671 0.544758 0.17434 2
                         0.173671 0.544758 0.17434 2
                         0.173671 0.544758 0.17434 2
[TIME TAKEN ]          : 697.523370028
Training epoch 67, cost  0.173678 0.544758 0.17434 3
                         0.173678 0.544758 0.17434 3
                         0.173678 0.544758 0.17434 3
                         0.173678 0.544758 0.17434 3
                         0.173678 0.544758 0.17434 3
[TIME TAKEN ]          : 697.255715847
Training epoch 68, cost  0.173669 0.544758 0.17434 4
                         0.173669 0.544758 0.17434 4
                         0.173669 0.544758 0.17434 4
                         0.173669 0.544758 0.17434 4
                         0.173669 0.544758 0.17434 4
[TIME TAKEN ]          : 697.340553999
Training epoch 69, cost  0.173665 0.544758 0.17434 5
                         0.173665 0.544758 0.17434 5
                         0.173665 0.544758 0.17434 5
                         0.173665 0.544758 0.17434 5
                         0.173665 0.544758 0.17434 5
[TIME TAKEN ]          : 697.449923038
Training epoch 70, cost  0.173656 0.544758 0.17434 6
                         0.173656 0.544758 0.17434 6
                         0.173656 0.544758 0.17434 6
                         0.173656 0.544758 0.17434 6
                         0.173656 0.544758 0.17434 6
[TIME TAKEN ]          : 697.264305115
Training epoch 71, cost  0.173649 0.544758 0.17434 7
                         0.173649 0.544758 0.17434 7
                         0.173649 0.544758 0.17434 7
                         0.173649 0.544758 0.17434 7
                         0.173649 0.544758 0.17434 7
[TIME TAKEN ]          : 697.364448071
Training epoch 72, cost  0.173642 0.544758 0.17434 8
                         0.173642 0.544758 0.17434 8
                         0.173642 0.544758 0.17434 8
                         0.173642 0.544758 0.17434 8
                         0.173642 0.544758 0.17434 8
[TIME TAKEN ]          : 697.45571804
Training epoch 73, cost  0.173641 0.544758 0.17434 9
                         0.173641 0.544758 0.17434 9
                         0.173641 0.544758 0.17434 9
                         0.173641 0.544758 0.17434 9
                         0.173641 0.544758 0.17434 9
[TIME TAKEN ]          : 697.255521059
Training epoch 74, cost  0.173635 0.544758 0.17434 10
                         0.173635 0.544758 0.17434 10
                         0.173635 0.544758 0.17434 10
                         0.173635 0.544758 0.17434 10
                         0.173635 0.544758 0.17434 10
[TIME TAKEN ]          : 697.495549917
Training epoch 75, cost  0.173632 0.544758 0.17434 11
                         0.173632 0.544758 0.17434 11
                         0.173632 0.544758 0.17434 11
                         0.173632 0.544758 0.17434 11
                         0.173632 0.544758 0.17434 11
[TIME TAKEN ]          : 697.743743896
Training epoch 76, cost  0.173632 0.544758 0.17434 12
                         0.173632 0.544758 0.17434 12
                         0.173632 0.544758 0.17434 12
                         0.173632 0.544758 0.17434 12
                         0.173632 0.544758 0.17434 12
[TIME TAKEN ]          : 697.671144009
Training epoch 77, cost  0.173626 0.544758 0.17434 13
                         0.173626 0.544758 0.17434 13
                         0.173626 0.544758 0.17434 13
                         0.173626 0.544758 0.17434 13
                         0.173626 0.544758 0.17434 13
[TIME TAKEN ]          : 697.50061202
Training epoch 78, cost  0.173627 0.544758 0.17434 14
                         0.173627 0.544758 0.17434 14
                         0.173627 0.544758 0.17434 14
                         0.173627 0.544758 0.17434 14
                         0.173627 0.544758 0.17434 14
[TIME TAKEN ]          : 697.223945141
Training epoch 79, cost  0.17362 0.544758 0.17434 15
                         0.17362 0.544758 0.17434 15
                         0.17362 0.544758 0.17434 15
                         0.17362 0.544758 0.17434 15
                         0.17362 0.544758 0.17434 15
[TIME TAKEN ]          : 697.196930885
Training epoch 80, cost  0.173621 0.544758 0.17434 16
                         0.173621 0.544758 0.17434 16
                         0.173621 0.544758 0.17434 16
                         0.173621 0.544758 0.17434 16
                         0.173621 0.544758 0.17434 16
[TIME TAKEN ]          : 697.272928953
Training epoch 81, cost  0.173621 0.544758 0.17434 17
                         0.173621 0.544758 0.17434 17
                         0.173621 0.544758 0.17434 17
                         0.173621 0.544758 0.17434 17
                         0.173621 0.544758 0.17434 17
[TIME TAKEN ]          : 697.300238132
Training epoch 82, cost  0.173618 0.544758 0.17434 18
                         0.173618 0.544758 0.17434 18
                         0.173618 0.544758 0.17434 18
                         0.173618 0.544758 0.17434 18
                         0.173618 0.544758 0.17434 18
[TIME TAKEN ]          : 697.419689178
Training epoch 83, cost  0.173615 0.544758 0.17434 19
                         0.173615 0.544758 0.17434 19
                         0.173615 0.544758 0.17434 19
                         0.173615 0.544758 0.17434 19
                         0.173615 0.544758 0.17434 19
[TIME TAKEN ]          : 697.40943408
Training epoch 84, cost  0.173613 0.544758 0.17434 20
                         0.173613 0.544758 0.17434 20
                         0.173613 0.544758 0.17434 20
                         0.173613 0.544758 0.17434 20
                         0.173613 0.544758 0.17434 20
[TIME TAKEN ]          : 697.681491852
Training epoch 85, cost  0.173616 0.510421 0.173616 0
                         0.173616 0.510421 0.173616 0
                         0.173616 0.510421 0.173616 0
                         0.173616 0.510421 0.173616 0
                         0.173616 0.510421 0.173616 0
[TIME TAKEN ]          : 697.856935978
Training epoch 86, cost  0.173381 0.510421 0.173616 1
                         0.173381 0.510421 0.173616 1
                         0.173381 0.510421 0.173616 1
                         0.173381 0.510421 0.173616 1
                         0.173381 0.510421 0.173616 1
[TIME TAKEN ]          : 698.93473196
Training epoch 87, cost  0.173388 0.510421 0.173616 2
                         0.173388 0.510421 0.173616 2
                         0.173388 0.510421 0.173616 2
                         0.173388 0.510421 0.173616 2
                         0.173388 0.510421 0.173616 2
[TIME TAKEN ]          : 698.697427034
Training epoch 88, cost  0.173395 0.510421 0.173616 3
                         0.173395 0.510421 0.173616 3
                         0.173395 0.510421 0.173616 3
                         0.173395 0.510421 0.173616 3
                         0.173395 0.510421 0.173616 3
[TIME TAKEN ]          : 703.779864073
Training epoch 89, cost  0.173395 0.510421 0.173616 4
                         0.173395 0.510421 0.173616 4
                         0.173395 0.510421 0.173616 4
                         0.173395 0.510421 0.173616 4
                         0.173395 0.510421 0.173616 4
[TIME TAKEN ]          : 1181.94087577
Training epoch 90, cost  0.173395 0.510421 0.173616 5
                         0.173395 0.510421 0.173616 5
                         0.173395 0.510421 0.173616 5
                         0.173395 0.510421 0.173616 5
                         0.173395 0.510421 0.173616 5
[TIME TAKEN ]          : 1286.108392
Training epoch 91, cost  0.173396 0.510421 0.173616 6
                         0.173396 0.510421 0.173616 6
                         0.173396 0.510421 0.173616 6
                         0.173396 0.510421 0.173616 6
                         0.173396 0.510421 0.173616 6
[TIME TAKEN ]          : 1285.56512594
Training epoch 92, cost  0.173396 0.510421 0.173616 7
                         0.173396 0.510421 0.173616 7
                         0.173396 0.510421 0.173616 7
                         0.173396 0.510421 0.173616 7
                         0.173396 0.510421 0.173616 7
[TIME TAKEN ]          : 1286.221735
Training epoch 93, cost  0.173391 0.510421 0.173616 8
                         0.173391 0.510421 0.173616 8
                         0.173391 0.510421 0.173616 8
                         0.173391 0.510421 0.173616 8
                         0.173391 0.510421 0.173616 8
[TIME TAKEN ]          : 1285.83654189
Training epoch 94, cost  0.173386 0.510421 0.173616 9
                         0.173386 0.510421 0.173616 9
                         0.173386 0.510421 0.173616 9
                         0.173386 0.510421 0.173616 9
                         0.173386 0.510421 0.173616 9
[TIME TAKEN ]          : 1286.41479397
Training epoch 95, cost  0.173387 0.510421 0.173616 10
                         0.173387 0.510421 0.173616 10
                         0.173387 0.510421 0.173616 10
                         0.173387 0.510421 0.173616 10
                         0.173387 0.510421 0.173616 10
[TIME TAKEN ]          : 1286.88446689
Training epoch 96, cost  0.173388 0.510421 0.173616 11
                         0.173388 0.510421 0.173616 11
                         0.173388 0.510421 0.173616 11
                         0.173388 0.510421 0.173616 11
                         0.173388 0.510421 0.173616 11
[TIME TAKEN ]          : 1288.42182398
Training epoch 97, cost  0.173384 0.510421 0.173616 12
                         0.173384 0.510421 0.173616 12
                         0.173384 0.510421 0.173616 12
                         0.173384 0.510421 0.173616 12
                         0.173384 0.510421 0.173616 12
[TIME TAKEN ]          : 1287.37494397
Training epoch 98, cost  0.173384 0.510421 0.173616 13
                         0.173384 0.510421 0.173616 13
                         0.173384 0.510421 0.173616 13
                         0.173384 0.510421 0.173616 13
                         0.173384 0.510421 0.173616 13
[TIME TAKEN ]          : 1286.99350095
Training epoch 99, cost  0.173383 0.510421 0.173616 14
                         0.173383 0.510421 0.173616 14
                         0.173383 0.510421 0.173616 14
                         0.173383 0.510421 0.173616 14
                         0.173383 0.510421 0.173616 14
[TIME TAKEN ]          : 1287.04478097
Training epoch 100, cost  0.173386 0.510421 0.173616 15
                         0.173386 0.510421 0.173616 15
                         0.173386 0.510421 0.173616 15
                         0.173386 0.510421 0.173616 15
                         0.173386 0.510421 0.173616 15
[TIME TAKEN ]          : 1287.49866104
Training epoch 101, cost  0.173381 0.510421 0.173616 16
                         0.173381 0.510421 0.173616 16
                         0.173381 0.510421 0.173616 16
                         0.173381 0.510421 0.173616 16
                         0.173381 0.510421 0.173616 16
[TIME TAKEN ]          : 1287.40528703
Training epoch 102, cost  0.173383 0.510421 0.173616 17
                         0.173383 0.510421 0.173616 17
                         0.173383 0.510421 0.173616 17
                         0.173383 0.510421 0.173616 17
                         0.173383 0.510421 0.173616 17
[TIME TAKEN ]          : 1287.80939412
Training epoch 103, cost  0.173377 0.510421 0.173616 18
                         0.173377 0.510421 0.173616 18
                         0.173377 0.510421 0.173616 18
                         0.173377 0.510421 0.173616 18
                         0.173377 0.510421 0.173616 18
[TIME TAKEN ]          : 1286.57535696
Training epoch 104, cost  0.173377 0.510421 0.173616 19
                         0.173377 0.510421 0.173616 19
                         0.173377 0.510421 0.173616 19
                         0.173377 0.510421 0.173616 19
                         0.173377 0.510421 0.173616 19
[TIME TAKEN ]          : 948.205236912
Training epoch 105, cost  0.173381 0.510421 0.173616 20
                         0.173381 0.510421 0.173616 20
                         0.173381 0.510421 0.173616 20
                         0.173381 0.510421 0.173616 20
                         0.173381 0.510421 0.173616 20
[TIME TAKEN ]          : 694.739303112
Training epoch 106, cost  0.17338 0.469045 0.17338 0
                         0.17338 0.469045 0.17338 0
                         0.17338 0.469045 0.17338 0
                         0.17338 0.469045 0.17338 0
                         0.17338 0.469045 0.17338 0
[TIME TAKEN ]          : 694.893233061
Training epoch 107, cost  0.173118 0.469045 0.17338 1
                         0.173118 0.469045 0.17338 1
                         0.173118 0.469045 0.17338 1
                         0.173118 0.469045 0.17338 1
                         0.173118 0.469045 0.17338 1
[TIME TAKEN ]          : 700.000666857
Training epoch 108, cost  0.173144 0.469045 0.17338 2
                         0.173144 0.469045 0.17338 2
                         0.173144 0.469045 0.17338 2
                         0.173144 0.469045 0.17338 2
                         0.173144 0.469045 0.17338 2
[TIME TAKEN ]          : 700.676105022
Training epoch 109, cost  0.173155 0.469045 0.17338 3
                         0.173155 0.469045 0.17338 3
                         0.173155 0.469045 0.17338 3
                         0.173155 0.469045 0.17338 3
                         0.173155 0.469045 0.17338 3
[TIME TAKEN ]          : 1170.47025514
Training epoch 110, cost  0.173164 0.469045 0.17338 4
                         0.173164 0.469045 0.17338 4
                         0.173164 0.469045 0.17338 4
                         0.173164 0.469045 0.17338 4
                         0.173164 0.469045 0.17338 4
[TIME TAKEN ]          : 1287.25627494
Training epoch 111, cost  0.173166 0.469045 0.17338 5
                         0.173166 0.469045 0.17338 5
                         0.173166 0.469045 0.17338 5
                         0.173166 0.469045 0.17338 5
                         0.173166 0.469045 0.17338 5
[TIME TAKEN ]          : 1287.51801705
Training epoch 112, cost  0.173165 0.469045 0.17338 6
                         0.173165 0.469045 0.17338 6
                         0.173165 0.469045 0.17338 6
                         0.173165 0.469045 0.17338 6
                         0.173165 0.469045 0.17338 6
[TIME TAKEN ]          : 1291.18514514
Training epoch 113, cost  0.173168 0.469045 0.17338 7
                         0.173168 0.469045 0.17338 7
                         0.173168 0.469045 0.17338 7
                         0.173168 0.469045 0.17338 7
                         0.173168 0.469045 0.17338 7
[TIME TAKEN ]          : 1289.96955705
Training epoch 114, cost  0.173164 0.469045 0.17338 8
                         0.173164 0.469045 0.17338 8
                         0.173164 0.469045 0.17338 8
                         0.173164 0.469045 0.17338 8
                         0.173164 0.469045 0.17338 8
[TIME TAKEN ]          : 1288.28643513
Training epoch 115, cost  0.173167 0.469045 0.17338 9
                         0.173167 0.469045 0.17338 9
                         0.173167 0.469045 0.17338 9
                         0.173167 0.469045 0.17338 9
                         0.173167 0.469045 0.17338 9
[TIME TAKEN ]          : 1288.4155879
Training epoch 116, cost  0.173171 0.469045 0.17338 10
                         0.173171 0.469045 0.17338 10
                         0.173171 0.469045 0.17338 10
                         0.173171 0.469045 0.17338 10
                         0.173171 0.469045 0.17338 10
[TIME TAKEN ]          : 1287.82646394
Training epoch 117, cost  0.173169 0.469045 0.17338 11
                         0.173169 0.469045 0.17338 11
                         0.173169 0.469045 0.17338 11
                         0.173169 0.469045 0.17338 11
                         0.173169 0.469045 0.17338 11
[TIME TAKEN ]          : 1287.84332681
Training epoch 118, cost  0.173167 0.469045 0.17338 12
                         0.173167 0.469045 0.17338 12
                         0.173167 0.469045 0.17338 12
                         0.173167 0.469045 0.17338 12
                         0.173167 0.469045 0.17338 12
[TIME TAKEN ]          : 1288.378757
Training epoch 119, cost  0.173172 0.469045 0.17338 13
                         0.173172 0.469045 0.17338 13
                         0.173172 0.469045 0.17338 13
                         0.173172 0.469045 0.17338 13
                         0.173172 0.469045 0.17338 13
[TIME TAKEN ]          : 1290.51514697
Training epoch 120, cost  0.17317 0.469045 0.17338 14
                         0.17317 0.469045 0.17338 14
                         0.17317 0.469045 0.17338 14
                         0.17317 0.469045 0.17338 14
                         0.17317 0.469045 0.17338 14
[TIME TAKEN ]          : 1294.91754103
Training epoch 121, cost  0.173171 0.469045 0.17338 15
                         0.173171 0.469045 0.17338 15
                         0.173171 0.469045 0.17338 15
                         0.173171 0.469045 0.17338 15
                         0.173171 0.469045 0.17338 15
[TIME TAKEN ]          : 1289.13489318
Training epoch 122, cost  0.173173 0.469045 0.17338 16
                         0.173173 0.469045 0.17338 16
                         0.173173 0.469045 0.17338 16
                         0.173173 0.469045 0.17338 16
                         0.173173 0.469045 0.17338 16
[TIME TAKEN ]          : 1290.38900495
Training epoch 123, cost  0.173175 0.469045 0.17338 17
                         0.173175 0.469045 0.17338 17
                         0.173175 0.469045 0.17338 17
                         0.173175 0.469045 0.17338 17
                         0.173175 0.469045 0.17338 17
[TIME TAKEN ]          : 1288.9393971
Training epoch 124, cost  0.173177 0.469045 0.17338 18
                         0.173177 0.469045 0.17338 18
                         0.173177 0.469045 0.17338 18
                         0.173177 0.469045 0.17338 18
                         0.173177 0.469045 0.17338 18
[TIME TAKEN ]          : 956.101344109
Training epoch 125, cost  0.173171 0.469045 0.17338 19
                         0.173171 0.469045 0.17338 19
                         0.173171 0.469045 0.17338 19
                         0.173171 0.469045 0.17338 19
                         0.173171 0.469045 0.17338 19
[TIME TAKEN ]          : 699.467374086
Training epoch 126, cost  0.173176 0.469045 0.17338 20
                         0.173176 0.469045 0.17338 20
                         0.173176 0.469045 0.17338 20
                         0.173176 0.469045 0.17338 20
                         0.173176 0.469045 0.17338 20
[TIME TAKEN ]          : 699.460607052
Training epoch 127, cost  0.173174 0.387656 0.173174 0
                         0.173174 0.387656 0.173174 0
                         0.173174 0.387656 0.173174 0
                         0.173174 0.387656 0.173174 0
                         0.173174 0.387656 0.173174 0
[TIME TAKEN ]          : 699.831616879
Training epoch 128, cost  0.172736 0.387656 0.173174 1
                         0.172736 0.387656 0.173174 1
                         0.172736 0.387656 0.173174 1
                         0.172736 0.387656 0.173174 1
                         0.172736 0.387656 0.173174 1
[TIME TAKEN ]          : 696.003768921
Training epoch 129, cost  0.172796 0.387656 0.173174 2
                         0.172796 0.387656 0.173174 2
                         0.172796 0.387656 0.173174 2
                         0.172796 0.387656 0.173174 2
                         0.172796 0.387656 0.173174 2
[TIME TAKEN ]          : 696.171427965
Training epoch 130, cost  0.172843 0.387656 0.173174 3
                         0.172843 0.387656 0.173174 3
                         0.172843 0.387656 0.173174 3
                         0.172843 0.387656 0.173174 3
                         0.172843 0.387656 0.173174 3
[TIME TAKEN ]          : 696.167269945
Training epoch 131, cost  0.172868 0.387656 0.173174 4
                         0.172868 0.387656 0.173174 4
                         0.172868 0.387656 0.173174 4
                         0.172868 0.387656 0.173174 4
                         0.172868 0.387656 0.173174 4
[TIME TAKEN ]          : 696.394237041
Training epoch 132, cost  0.172893 0.387656 0.173174 5
                         0.172893 0.387656 0.173174 5
                         0.172893 0.387656 0.173174 5
                         0.172893 0.387656 0.173174 5
                         0.172893 0.387656 0.173174 5
[TIME TAKEN ]          : 696.553668022
Training epoch 133, cost  0.172908 0.387656 0.173174 6
                         0.172908 0.387656 0.173174 6
                         0.172908 0.387656 0.173174 6
                         0.172908 0.387656 0.173174 6
                         0.172908 0.387656 0.173174 6
[TIME TAKEN ]          : 696.351176023
Training epoch 134, cost  0.172922 0.387656 0.173174 7
                         0.172922 0.387656 0.173174 7
                         0.172922 0.387656 0.173174 7
                         0.172922 0.387656 0.173174 7
                         0.172922 0.387656 0.173174 7
[TIME TAKEN ]          : 695.76640892
Training epoch 135, cost  0.172935 0.387656 0.173174 8
                         0.172935 0.387656 0.173174 8
                         0.172935 0.387656 0.173174 8
                         0.172935 0.387656 0.173174 8
                         0.172935 0.387656 0.173174 8
[TIME TAKEN ]          : 695.693034887
Training epoch 136, cost  0.172948 0.387656 0.173174 9
                         0.172948 0.387656 0.173174 9
                         0.172948 0.387656 0.173174 9
                         0.172948 0.387656 0.173174 9
                         0.172948 0.387656 0.173174 9
[TIME TAKEN ]          : 695.983243942
Training epoch 137, cost  0.172965 0.387656 0.173174 10
                         0.172965 0.387656 0.173174 10
                         0.172965 0.387656 0.173174 10
                         0.172965 0.387656 0.173174 10
                         0.172965 0.387656 0.173174 10
[TIME TAKEN ]          : 696.037843943
Training epoch 138, cost  0.172973 0.387656 0.173174 11
                         0.172973 0.387656 0.173174 11
                         0.172973 0.387656 0.173174 11
                         0.172973 0.387656 0.173174 11
                         0.172973 0.387656 0.173174 11
[TIME TAKEN ]          : 696.084765911
Training epoch 139, cost  0.172986 0.387656 0.173174 12
                         0.172986 0.387656 0.173174 12
                         0.172986 0.387656 0.173174 12
                         0.172986 0.387656 0.173174 12
                         0.172986 0.387656 0.173174 12
[TIME TAKEN ]          : 695.968714952
Training epoch 140, cost  0.172995 0.387656 0.173174 13
                         0.172995 0.387656 0.173174 13
                         0.172995 0.387656 0.173174 13
                         0.172995 0.387656 0.173174 13
                         0.172995 0.387656 0.173174 13
[TIME TAKEN ]          : 696.290973186
Training epoch 141, cost  0.173006 0.387656 0.173174 14
                         0.173006 0.387656 0.173174 14
                         0.173006 0.387656 0.173174 14
                         0.173006 0.387656 0.173174 14
                         0.173006 0.387656 0.173174 14
[TIME TAKEN ]          : 696.613766193
Training epoch 142, cost  0.173017 0.387656 0.173174 15
                         0.173017 0.387656 0.173174 15
                         0.173017 0.387656 0.173174 15
                         0.173017 0.387656 0.173174 15
                         0.173017 0.387656 0.173174 15
[TIME TAKEN ]          : 695.918282032
Training epoch 143, cost  0.173026 0.387656 0.173174 16
                         0.173026 0.387656 0.173174 16
                         0.173026 0.387656 0.173174 16
                         0.173026 0.387656 0.173174 16
                         0.173026 0.387656 0.173174 16
[TIME TAKEN ]          : 695.999842882
Training epoch 144, cost  0.173035 0.387656 0.173174 17
                         0.173035 0.387656 0.173174 17
                         0.173035 0.387656 0.173174 17
                         0.173035 0.387656 0.173174 17
                         0.173035 0.387656 0.173174 17
[TIME TAKEN ]          : 696.13075304
Training epoch 145, cost  0.173042 0.387656 0.173174 18
                         0.173042 0.387656 0.173174 18
                         0.173042 0.387656 0.173174 18
                         0.173042 0.387656 0.173174 18
                         0.173042 0.387656 0.173174 18
[TIME TAKEN ]          : 696.086676836
Training epoch 146, cost  0.173051 0.387656 0.173174 19
                         0.173051 0.387656 0.173174 19
                         0.173051 0.387656 0.173174 19
                         0.173051 0.387656 0.173174 19
                         0.173051 0.387656 0.173174 19
[TIME TAKEN ]          : 696.06201911
Training epoch 147, cost  0.173058 0.387656 0.173174 20
                         0.173058 0.387656 0.173174 20
                         0.173058 0.387656 0.173174 20
                         0.173058 0.387656 0.173174 20
                         0.173058 0.387656 0.173174 20
[TIME TAKEN ]          : 695.912525892
Training epoch 148, cost  0.173067 0.308833 0.173067 0
                         0.173067 0.308833 0.173067 0
                         0.173067 0.308833 0.173067 0
                         0.173067 0.308833 0.173067 0
                         0.173067 0.308833 0.173067 0
[TIME TAKEN ]          : 696.009037971
Training epoch 149, cost  0.172695 0.308833 0.173067 1
                         0.172695 0.308833 0.173067 1
                         0.172695 0.308833 0.173067 1
                         0.172695 0.308833 0.173067 1
                         0.172695 0.308833 0.173067 1
[TIME TAKEN ]          : 690.449359894
Training epoch 150, cost  0.172773 0.308833 0.173067 2
                         0.172773 0.308833 0.173067 2
                         0.172773 0.308833 0.173067 2
                         0.172773 0.308833 0.173067 2
                         0.172773 0.308833 0.173067 2
[TIME TAKEN ]          : 692.845412016
Training epoch 151, cost  0.172846 0.308833 0.173067 3
                         0.172846 0.308833 0.173067 3
                         0.172846 0.308833 0.173067 3
                         0.172846 0.308833 0.173067 3
                         0.172846 0.308833 0.173067 3
[TIME TAKEN ]          : 690.752786875
Training epoch 152, cost  0.172903 0.308833 0.173067 4
                         0.172903 0.308833 0.173067 4
                         0.172903 0.308833 0.173067 4
                         0.172903 0.308833 0.173067 4
                         0.172903 0.308833 0.173067 4
[TIME TAKEN ]          : 691.224509954
Training epoch 153, cost  0.172955 0.308833 0.173067 5
                         0.172955 0.308833 0.173067 5
                         0.172955 0.308833 0.173067 5
                         0.172955 0.308833 0.173067 5
                         0.172955 0.308833 0.173067 5
[TIME TAKEN ]          : 690.803367853
Training epoch 154, cost  0.173005 0.308833 0.173067 6
                         0.173005 0.308833 0.173067 6
                         0.173005 0.308833 0.173067 6
                         0.173005 0.308833 0.173067 6
                         0.173005 0.308833 0.173067 6
[TIME TAKEN ]          : 690.425806046
Training epoch 155, cost  0.173056 0.308833 0.173067 7
                         0.173056 0.308833 0.173067 7
                         0.173056 0.308833 0.173067 7
                         0.173056 0.308833 0.173067 7
                         0.173056 0.308833 0.173067 7
[TIME TAKEN ]          : 690.421584845
Training epoch 156, cost  0.173103 0.308833 0.173067 8
                         0.173103 0.308833 0.173067 8
                         0.173103 0.308833 0.173067 8
                         0.173103 0.308833 0.173067 8
                         0.173103 0.308833 0.173067 8
[TIME TAKEN ]          : 690.384564877
Training epoch 157, cost  0.173146 0.308833 0.173067 9
                         0.173146 0.308833 0.173067 9
                         0.173146 0.308833 0.173067 9
                         0.173146 0.308833 0.173067 9
                         0.173146 0.308833 0.173067 9
[TIME TAKEN ]          : 690.384653091
Training epoch 158, cost  0.17319 0.308833 0.173067 10
                         0.17319 0.308833 0.173067 10
                         0.17319 0.308833 0.173067 10
                         0.17319 0.308833 0.173067 10
                         0.17319 0.308833 0.173067 10
[TIME TAKEN ]          : 690.479946852
Training epoch 159, cost  0.173226 0.308833 0.173067 11
                         0.173226 0.308833 0.173067 11
                         0.173226 0.308833 0.173067 11
                         0.173226 0.308833 0.173067 11
                         0.173226 0.308833 0.173067 11
[TIME TAKEN ]          : 690.43116498
Training epoch 160, cost  0.173263 0.308833 0.173067 12
                         0.173263 0.308833 0.173067 12
                         0.173263 0.308833 0.173067 12
                         0.173263 0.308833 0.173067 12
                         0.173263 0.308833 0.173067 12
[TIME TAKEN ]          : 690.617054939
Training epoch 161, cost  0.173298 0.308833 0.173067 13
                         0.173298 0.308833 0.173067 13
                         0.173298 0.308833 0.173067 13
                         0.173298 0.308833 0.173067 13
                         0.173298 0.308833 0.173067 13
[TIME TAKEN ]          : 690.821875095
Training epoch 162, cost  0.173329 0.308833 0.173067 14
                         0.173329 0.308833 0.173067 14
                         0.173329 0.308833 0.173067 14
                         0.173329 0.308833 0.173067 14
                         0.173329 0.308833 0.173067 14
[TIME TAKEN ]          : 690.901633024
Training epoch 163, cost  0.173357 0.308833 0.173067 15
                         0.173357 0.308833 0.173067 15
                         0.173357 0.308833 0.173067 15
                         0.173357 0.308833 0.173067 15
                         0.173357 0.308833 0.173067 15
[TIME TAKEN ]          : 690.941009045
Training epoch 164, cost  0.173385 0.308833 0.173067 16
                         0.173385 0.308833 0.173067 16
                         0.173385 0.308833 0.173067 16
                         0.173385 0.308833 0.173067 16
                         0.173385 0.308833 0.173067 16
[TIME TAKEN ]          : 690.813940048
Training epoch 165, cost  0.173411 0.308833 0.173067 17
                         0.173411 0.308833 0.173067 17
                         0.173411 0.308833 0.173067 17
                         0.173411 0.308833 0.173067 17
                         0.173411 0.308833 0.173067 17
[TIME TAKEN ]          : 690.321103096
Training epoch 166, cost  0.173434 0.308833 0.173067 18
                         0.173434 0.308833 0.173067 18
                         0.173434 0.308833 0.173067 18
                         0.173434 0.308833 0.173067 18
                         0.173434 0.308833 0.173067 18
[TIME TAKEN ]          : 690.64309597
Training epoch 167, cost  0.173459 0.308833 0.173067 19
                         0.173459 0.308833 0.173067 19
                         0.173459 0.308833 0.173067 19
                         0.173459 0.308833 0.173067 19
                         0.173459 0.308833 0.173067 19
[TIME TAKEN ]          : 690.707274914
Training epoch 168, cost  0.173478 0.308833 0.173067 20
                         0.173478 0.308833 0.173067 20
                         0.173478 0.308833 0.173067 20
                         0.173478 0.308833 0.173067 20
                         0.173478 0.308833 0.173067 20
[TIME TAKEN ]          : 690.565114021
Training epoch 169, cost  0.173496 0.25847 0.173496 0
                         0.173496 0.25847 0.173496 0
                         0.173496 0.25847 0.173496 0
                         0.173496 0.25847 0.173496 0
                         0.173496 0.25847 0.173496 0
[TIME TAKEN ]          : 690.865809917
Training epoch 170, cost  0.173281 0.25847 0.173496 1
                         0.173281 0.25847 0.173496 1
                         0.173281 0.25847 0.173496 1
                         0.173281 0.25847 0.173496 1
                         0.173281 0.25847 0.173496 1
[TIME TAKEN ]          : 686.31061101
Training epoch 171, cost  0.173326 0.25847 0.173496 2
                         0.173326 0.25847 0.173496 2
                         0.173326 0.25847 0.173496 2
                         0.173326 0.25847 0.173496 2
                         0.173326 0.25847 0.173496 2
[TIME TAKEN ]          : 686.236431837
Training epoch 172, cost  0.173367 0.25847 0.173496 3
                         0.173367 0.25847 0.173496 3
                         0.173367 0.25847 0.173496 3
                         0.173367 0.25847 0.173496 3
                         0.173367 0.25847 0.173496 3
[TIME TAKEN ]          : 686.218190908
Training epoch 173, cost  0.173399 0.25847 0.173496 4
                         0.173399 0.25847 0.173496 4
                         0.173399 0.25847 0.173496 4
                         0.173399 0.25847 0.173496 4
                         0.173399 0.25847 0.173496 4
[TIME TAKEN ]          : 686.361577034
Training epoch 174, cost  0.173426 0.25847 0.173496 5
                         0.173426 0.25847 0.173496 5
                         0.173426 0.25847 0.173496 5
                         0.173426 0.25847 0.173496 5
                         0.173426 0.25847 0.173496 5
[TIME TAKEN ]          : 686.54081583
Training epoch 175, cost  0.17345 0.25847 0.173496 6
                         0.17345 0.25847 0.173496 6
                         0.17345 0.25847 0.173496 6
                         0.17345 0.25847 0.173496 6
                         0.17345 0.25847 0.173496 6
[TIME TAKEN ]          : 686.389306068
Training epoch 176, cost  0.173475 0.25847 0.173496 7
                         0.173475 0.25847 0.173496 7
                         0.173475 0.25847 0.173496 7
                         0.173475 0.25847 0.173496 7
                         0.173475 0.25847 0.173496 7
[TIME TAKEN ]          : 686.569092035
Training epoch 177, cost  0.173498 0.25847 0.173496 8
                         0.173498 0.25847 0.173496 8
                         0.173498 0.25847 0.173496 8
                         0.173498 0.25847 0.173496 8
                         0.173498 0.25847 0.173496 8
[TIME TAKEN ]          : 686.75307703
Training epoch 178, cost  0.173521 0.25847 0.173496 9
                         0.173521 0.25847 0.173496 9
                         0.173521 0.25847 0.173496 9
                         0.173521 0.25847 0.173496 9
                         0.173521 0.25847 0.173496 9
[TIME TAKEN ]          : 686.372692108
Training epoch 179, cost  0.173543 0.25847 0.173496 10
                         0.173543 0.25847 0.173496 10
                         0.173543 0.25847 0.173496 10
                         0.173543 0.25847 0.173496 10
                         0.173543 0.25847 0.173496 10
[TIME TAKEN ]          : 686.431782007
Training epoch 180, cost  0.173564 0.25847 0.173496 11
                         0.173564 0.25847 0.173496 11
                         0.173564 0.25847 0.173496 11
                         0.173564 0.25847 0.173496 11
                         0.173564 0.25847 0.173496 11
[TIME TAKEN ]          : 687.069339991
Training epoch 181, cost  0.173587 0.25847 0.173496 12
                         0.173587 0.25847 0.173496 12
                         0.173587 0.25847 0.173496 12
                         0.173587 0.25847 0.173496 12
                         0.173587 0.25847 0.173496 12
[TIME TAKEN ]          : 686.57913208
Training epoch 182, cost  0.173604 0.25847 0.173496 13
                         0.173604 0.25847 0.173496 13
                         0.173604 0.25847 0.173496 13
                         0.173604 0.25847 0.173496 13
                         0.173604 0.25847 0.173496 13
[TIME TAKEN ]          : 686.688797951
Training epoch 183, cost  0.173626 0.25847 0.173496 14
                         0.173626 0.25847 0.173496 14
                         0.173626 0.25847 0.173496 14
                         0.173626 0.25847 0.173496 14
                         0.173626 0.25847 0.173496 14
[TIME TAKEN ]          : 686.511215925
Training epoch 184, cost  0.173644 0.25847 0.173496 15
                         0.173644 0.25847 0.173496 15
                         0.173644 0.25847 0.173496 15
                         0.173644 0.25847 0.173496 15
                         0.173644 0.25847 0.173496 15
[TIME TAKEN ]          : 686.633682966
Training epoch 185, cost  0.17366 0.25847 0.173496 16
                         0.17366 0.25847 0.173496 16
                         0.17366 0.25847 0.173496 16
                         0.17366 0.25847 0.173496 16
                         0.17366 0.25847 0.173496 16
[TIME TAKEN ]          : 686.663510084
Training epoch 186, cost  0.173669 0.25847 0.173496 17
                         0.173669 0.25847 0.173496 17
                         0.173669 0.25847 0.173496 17
                         0.173669 0.25847 0.173496 17
                         0.173669 0.25847 0.173496 17
[TIME TAKEN ]          : 686.749722958
Training epoch 187, cost  0.173678 0.25847 0.173496 18
                         0.173678 0.25847 0.173496 18
                         0.173678 0.25847 0.173496 18
                         0.173678 0.25847 0.173496 18
                         0.173678 0.25847 0.173496 18
[TIME TAKEN ]          : 686.262773037
Training epoch 188, cost  0.173684 0.25847 0.173496 19
                         0.173684 0.25847 0.173496 19
                         0.173684 0.25847 0.173496 19
                         0.173684 0.25847 0.173496 19
                         0.173684 0.25847 0.173496 19
[TIME TAKEN ]          : 686.490954876
Training epoch 189, cost  0.173688 0.25847 0.173496 20
                         0.173688 0.25847 0.173496 20
                         0.173688 0.25847 0.173496 20
                         0.173688 0.25847 0.173496 20
                         0.173688 0.25847 0.173496 20
[TIME TAKEN ]          : 686.588939905
Training epoch 190, cost  0.173683 0.18462 0.173683 0
                         0.173683 0.18462 0.173683 0
                         0.173683 0.18462 0.173683 0
                         0.173683 0.18462 0.173683 0
                         0.173683 0.18462 0.173683 0
[TIME TAKEN ]          : 686.794334888
Training epoch 191, cost  0.173336 0.18462 0.173683 1
                         0.173336 0.18462 0.173683 1
                         0.173336 0.18462 0.173683 1
                         0.173336 0.18462 0.173683 1
                         0.173336 0.18462 0.173683 1
[TIME TAKEN ]          : 680.025460005
Training epoch 192, cost  0.173343 0.18462 0.173683 2
                         0.173343 0.18462 0.173683 2
                         0.173343 0.18462 0.173683 2
                         0.173343 0.18462 0.173683 2
                         0.173343 0.18462 0.173683 2
[TIME TAKEN ]          : 679.826443911
Training epoch 193, cost  0.173336 0.18462 0.173683 3
                         0.173336 0.18462 0.173683 3
                         0.173336 0.18462 0.173683 3
                         0.173336 0.18462 0.173683 3
                         0.173336 0.18462 0.173683 3
[TIME TAKEN ]          : 679.850152016
Training epoch 194, cost  0.173307 0.18462 0.173683 4
                         0.173307 0.18462 0.173683 4
                         0.173307 0.18462 0.173683 4
                         0.173307 0.18462 0.173683 4
                         0.173307 0.18462 0.173683 4
[TIME TAKEN ]          : 680.418250084
Training epoch 195, cost  0.17326 0.18462 0.173683 5
                         0.17326 0.18462 0.173683 5
                         0.17326 0.18462 0.173683 5
                         0.17326 0.18462 0.173683 5
                         0.17326 0.18462 0.173683 5
[TIME TAKEN ]          : 679.967813015
Training epoch 196, cost  0.173207 0.18462 0.173683 6
                         0.173207 0.18462 0.173683 6
                         0.173207 0.18462 0.173683 6
                         0.173207 0.18462 0.173683 6
                         0.173207 0.18462 0.173683 6
[TIME TAKEN ]          : 680.041795969
Training epoch 197, cost  0.173144 0.18462 0.173683 7
                         0.173144 0.18462 0.173683 7
                         0.173144 0.18462 0.173683 7
                         0.173144 0.18462 0.173683 7
                         0.173144 0.18462 0.173683 7
[TIME TAKEN ]          : 679.879013062
Training epoch 198, cost  0.17308 0.18462 0.173683 8
                         0.17308 0.18462 0.173683 8
                         0.17308 0.18462 0.173683 8
                         0.17308 0.18462 0.173683 8
                         0.17308 0.18462 0.173683 8
[TIME TAKEN ]          : 679.903751135
Training epoch 199, cost  0.173017 0.18462 0.173683 9
                         0.173017 0.18462 0.173683 9
                         0.173017 0.18462 0.173683 9
                         0.173017 0.18462 0.173683 9
                         0.173017 0.18462 0.173683 9
[TIME TAKEN ]          : 680.155319929
Training epoch 200, cost  0.172962 0.18462 0.173683 10
                         0.172962 0.18462 0.173683 10
                         0.172962 0.18462 0.173683 10
                         0.172962 0.18462 0.173683 10
                         0.172962 0.18462 0.173683 10
[TIME TAKEN ]          : 679.73378396
[MESSAGE] The model is trained
[MESSAGE] The supervised model is built
MLP MODEL
     epoch 1, minibatch 500/500, test error 90.000000 %
MLP MODEL
     epoch 2, minibatch 500/500, test error 90.000000 %
MLP MODEL
     epoch 3, minibatch 500/500, test error 90.000000 %
MLP MODEL
     epoch 4, minibatch 500/500, test error 90.000000 %
MLP MODEL
     epoch 5, minibatch 500/500, test error 90.000000 %
MLP MODEL
     epoch 6, minibatch 500/500, test error 90.000000 %
MLP MODEL
     epoch 7, minibatch 500/500, test error 90.000000 %
MLP MODEL
     epoch 8, minibatch 500/500, test error 90.000000 %
MLP MODEL
     epoch 9, minibatch 500/500, test error 90.000000 %
MLP MODEL
     epoch 10, minibatch 500/500, test error 90.000000 %
MLP MODEL
     epoch 11, minibatch 500/500, test error 90.000000 %
MLP MODEL
     epoch 12, minibatch 500/500, test error 90.000000 %
MLP MODEL
     epoch 13, minibatch 500/500, test error 90.000000 %
MLP MODEL
     epoch 14, minibatch 500/500, test error 90.000000 %
MLP MODEL
     epoch 15, minibatch 500/500, test error 90.000000 %
MLP MODEL
     epoch 16, minibatch 500/500, test error 90.000000 %
MLP MODEL
     epoch 17, minibatch 500/500, test error 90.000000 %
MLP MODEL
     epoch 18, minibatch 500/500, test error 90.000000 %
MLP MODEL
     epoch 19, minibatch 500/500, test error 90.000000 %
MLP MODEL
     epoch 20, minibatch 500/500, test error 90.000000 %
MLP MODEL
     epoch 21, minibatch 500/500, test error 90.000000 %
MLP MODEL
     epoch 22, minibatch 500/500, test error 90.000000 %
MLP MODEL
     epoch 23, minibatch 500/500, test error 90.000000 %
MLP MODEL
     epoch 24, minibatch 500/500, test error 90.000000 %
MLP MODEL
     epoch 25, minibatch 500/500, test error 90.000000 %
MLP MODEL
     epoch 26, minibatch 500/500, test error 90.000000 %
MLP MODEL
     epoch 27, minibatch 500/500, test error 90.000000 %
MLP MODEL
     epoch 28, minibatch 500/500, test error 90.000000 %
MLP MODEL
     epoch 29, minibatch 500/500, test error 90.000000 %
MLP MODEL
     epoch 30, minibatch 500/500, test error 90.000000 %
MLP MODEL
     epoch 31, minibatch 500/500, test error 90.000000 %
MLP MODEL
     epoch 32, minibatch 500/500, test error 90.000000 %
MLP MODEL
     epoch 33, minibatch 500/500, test error 90.000000 %
MLP MODEL
     epoch 34, minibatch 500/500, test error 90.000000 %
MLP MODEL
     epoch 35, minibatch 500/500, test error 90.000000 %
MLP MODEL
     epoch 36, minibatch 500/500, test error 90.000000 %
MLP MODEL
     epoch 37, minibatch 500/500, test error 90.000000 %
MLP MODEL
     epoch 38, minibatch 500/500, test error 90.000000 %
MLP MODEL
     epoch 39, minibatch 500/500, test error 90.000000 %
MLP MODEL
     epoch 40, minibatch 500/500, test error 90.000000 %
MLP MODEL
     epoch 41, minibatch 500/500, test error 90.000000 %
MLP MODEL
     epoch 42, minibatch 500/500, test error 90.000000 %
MLP MODEL
     epoch 43, minibatch 500/500, test error 90.000000 %
MLP MODEL
     epoch 44, minibatch 500/500, test error 90.000000 %
MLP MODEL
     epoch 45, minibatch 500/500, test error 90.000000 %
MLP MODEL
     epoch 46, minibatch 500/500, test error 90.000000 %
MLP MODEL
     epoch 47, minibatch 500/500, test error 90.000000 %
MLP MODEL
     epoch 48, minibatch 500/500, test error 90.000000 %
MLP MODEL
     epoch 49, minibatch 500/500, test error 90.000000 %
MLP MODEL
     epoch 50, minibatch 500/500, test error 90.000000 %
MLP MODEL
     epoch 51, minibatch 500/500, test error 90.000000 %
MLP MODEL
     epoch 52, minibatch 500/500, test error 90.000000 %
MLP MODEL
     epoch 53, minibatch 500/500, test error 90.000000 %
MLP MODEL
     epoch 54, minibatch 500/500, test error 90.000000 %
MLP MODEL
     epoch 55, minibatch 500/500, test error 90.000000 %
MLP MODEL
     epoch 56, minibatch 500/500, test error 90.000000 %
MLP MODEL
     epoch 57, minibatch 500/500, test error 90.000000 %
MLP MODEL
     epoch 58, minibatch 500/500, test error 90.000000 %
MLP MODEL
     epoch 59, minibatch 500/500, test error 90.000000 %
MLP MODEL
     epoch 60, minibatch 500/500, test error 90.000000 %
MLP MODEL
     epoch 61, minibatch 500/500, test error 90.000000 %
MLP MODEL
     epoch 62, minibatch 500/500, test error 90.000000 %
MLP MODEL
     epoch 63, minibatch 500/500, test error 90.000000 %
MLP MODEL
     epoch 64, minibatch 500/500, test error 90.000000 %
MLP MODEL
     epoch 65, minibatch 500/500, test error 90.000000 %
MLP MODEL
     epoch 66, minibatch 500/500, test error 90.000000 %
MLP MODEL
     epoch 67, minibatch 500/500, test error 90.000000 %
MLP MODEL
     epoch 68, minibatch 500/500, test error 90.000000 %
MLP MODEL
     epoch 69, minibatch 500/500, test error 90.000000 %
MLP MODEL
     epoch 70, minibatch 500/500, test error 90.000000 %
MLP MODEL
     epoch 71, minibatch 500/500, test error 90.000000 %
MLP MODEL
     epoch 72, minibatch 500/500, test error 90.000000 %
MLP MODEL
     epoch 73, minibatch 500/500, test error 90.000000 %
MLP MODEL
     epoch 74, minibatch 500/500, test error 90.000000 %
MLP MODEL
     epoch 75, minibatch 500/500, test error 90.000000 %
MLP MODEL
     epoch 76, minibatch 500/500, test error 90.000000 %
MLP MODEL
     epoch 77, minibatch 500/500, test error 90.000000 %
MLP MODEL
     epoch 78, minibatch 500/500, test error 90.000000 %
MLP MODEL
     epoch 79, minibatch 500/500, test error 90.000000 %
MLP MODEL
     epoch 80, minibatch 500/500, test error 90.000000 %
MLP MODEL
     epoch 81, minibatch 500/500, test error 90.000000 %
MLP MODEL
     epoch 82, minibatch 500/500, test error 90.000000 %
MLP MODEL
     epoch 83, minibatch 500/500, test error 90.000000 %
MLP MODEL
     epoch 84, minibatch 500/500, test error 90.000000 %
MLP MODEL
     epoch 85, minibatch 500/500, test error 90.000000 %
MLP MODEL
     epoch 86, minibatch 500/500, test error 90.000000 %
MLP MODEL
     epoch 87, minibatch 500/500, test error 90.000000 %
MLP MODEL
     epoch 88, minibatch 500/500, test error 90.000000 %
MLP MODEL
     epoch 89, minibatch 500/500, test error 90.000000 %
MLP MODEL
     epoch 90, minibatch 500/500, test error 90.000000 %
MLP MODEL
     epoch 91, minibatch 500/500, test error 90.000000 %
MLP MODEL
     epoch 92, minibatch 500/500, test error 90.000000 %
MLP MODEL
     epoch 93, minibatch 500/500, test error 90.000000 %
MLP MODEL
     epoch 94, minibatch 500/500, test error 90.000000 %
MLP MODEL
     epoch 95, minibatch 500/500, test error 90.000000 %
MLP MODEL
     epoch 96, minibatch 500/500, test error 90.000000 %
MLP MODEL
     epoch 97, minibatch 500/500, test error 90.000000 %
MLP MODEL
     epoch 98, minibatch 500/500, test error 90.000000 %
MLP MODEL
     epoch 99, minibatch 500/500, test error 90.000000 %
MLP MODEL
     epoch 100, minibatch 500/500, test error 90.000000 %
MLP MODEL
     epoch 101, minibatch 500/500, test error 90.000000 %
MLP MODEL
     epoch 102, minibatch 500/500, test error 90.000000 %
MLP MODEL
     epoch 103, minibatch 500/500, test error 90.000000 %
MLP MODEL
     epoch 104, minibatch 500/500, test error 90.000000 %
MLP MODEL
     epoch 105, minibatch 500/500, test error 90.000000 %
MLP MODEL
     epoch 106, minibatch 500/500, test error 90.000000 %
MLP MODEL
     epoch 107, minibatch 500/500, test error 90.000000 %
MLP MODEL
     epoch 108, minibatch 500/500, test error 90.000000 %
MLP MODEL
     epoch 109, minibatch 500/500, test error 90.000000 %
MLP MODEL
     epoch 110, minibatch 500/500, test error 90.000000 %
MLP MODEL
     epoch 111, minibatch 500/500, test error 90.000000 %
MLP MODEL
     epoch 112, minibatch 500/500, test error 90.000000 %
MLP MODEL
     epoch 113, minibatch 500/500, test error 90.000000 %
MLP MODEL
     epoch 114, minibatch 500/500, test error 90.000000 %
MLP MODEL
     epoch 115, minibatch 500/500, test error 90.000000 %
MLP MODEL
     epoch 116, minibatch 500/500, test error 90.000000 %
MLP MODEL
     epoch 117, minibatch 500/500, test error 90.000000 %
MLP MODEL
     epoch 118, minibatch 500/500, test error 90.000000 %
MLP MODEL
     epoch 119, minibatch 500/500, test error 90.000000 %
MLP MODEL
     epoch 120, minibatch 500/500, test error 90.000000 %
MLP MODEL
     epoch 121, minibatch 500/500, test error 90.000000 %
MLP MODEL
     epoch 122, minibatch 500/500, test error 90.000000 %
MLP MODEL
     epoch 123, minibatch 500/500, test error 90.000000 %
MLP MODEL
     epoch 124, minibatch 500/500, test error 90.000000 %
MLP MODEL
     epoch 125, minibatch 500/500, test error 90.000000 %
MLP MODEL
     epoch 126, minibatch 500/500, test error 90.000000 %
MLP MODEL
     epoch 127, minibatch 500/500, test error 90.000000 %
MLP MODEL
     epoch 128, minibatch 500/500, test error 90.000000 %
MLP MODEL
     epoch 129, minibatch 500/500, test error 90.000000 %
MLP MODEL
     epoch 130, minibatch 500/500, test error 90.000000 %
MLP MODEL
     epoch 131, minibatch 500/500, test error 90.000000 %
MLP MODEL
     epoch 132, minibatch 500/500, test error 90.000000 %
MLP MODEL
     epoch 133, minibatch 500/500, test error 90.000000 %
MLP MODEL
     epoch 134, minibatch 500/500, test error 90.000000 %
MLP MODEL
     epoch 135, minibatch 500/500, test error 90.000000 %
MLP MODEL
     epoch 136, minibatch 500/500, test error 90.000000 %
MLP MODEL
     epoch 137, minibatch 500/500, test error 90.000000 %
MLP MODEL
     epoch 138, minibatch 500/500, test error 90.000000 %
MLP MODEL
     epoch 139, minibatch 500/500, test error 90.000000 %
MLP MODEL
     epoch 140, minibatch 500/500, test error 90.000000 %
MLP MODEL
     epoch 141, minibatch 500/500, test error 90.000000 %
MLP MODEL
     epoch 142, minibatch 500/500, test error 90.000000 %
MLP MODEL
     epoch 143, minibatch 500/500, test error 90.000000 %
MLP MODEL
     epoch 144, minibatch 500/500, test error 90.000000 %
MLP MODEL
     epoch 145, minibatch 500/500, test error 90.000000 %
MLP MODEL
     epoch 146, minibatch 500/500, test error 90.000000 %
MLP MODEL
     epoch 147, minibatch 500/500, test error 90.000000 %
MLP MODEL
     epoch 148, minibatch 500/500, test error 90.000000 %
MLP MODEL
     epoch 149, minibatch 500/500, test error 90.000000 %
MLP MODEL
     epoch 150, minibatch 500/500, test error 90.000000 %
MLP MODEL
     epoch 151, minibatch 500/500, test error 90.000000 %
MLP MODEL
     epoch 152, minibatch 500/500, test error 90.000000 %
MLP MODEL
     epoch 153, minibatch 500/500, test error 90.000000 %
MLP MODEL
     epoch 154, minibatch 500/500, test error 90.000000 %
MLP MODEL
     epoch 155, minibatch 500/500, test error 90.000000 %
MLP MODEL
     epoch 156, minibatch 500/500, test error 90.000000 %
MLP MODEL
     epoch 157, minibatch 500/500, test error 90.000000 %
MLP MODEL
     epoch 158, minibatch 500/500, test error 90.000000 %
MLP MODEL
     epoch 159, minibatch 500/500, test error 90.000000 %
MLP MODEL
     epoch 160, minibatch 500/500, test error 90.000000 %
MLP MODEL
     epoch 161, minibatch 500/500, test error 90.000000 %
MLP MODEL
     epoch 162, minibatch 500/500, test error 90.000000 %
MLP MODEL
     epoch 163, minibatch 500/500, test error 90.000000 %
MLP MODEL
     epoch 164, minibatch 500/500, test error 90.000000 %
MLP MODEL
     epoch 165, minibatch 500/500, test error 90.000000 %
MLP MODEL
     epoch 166, minibatch 500/500, test error 90.000000 %
MLP MODEL
     epoch 167, minibatch 500/500, test error 90.000000 %
MLP MODEL
     epoch 168, minibatch 500/500, test error 90.000000 %
MLP MODEL
     epoch 169, minibatch 500/500, test error 90.000000 %
MLP MODEL
     epoch 170, minibatch 500/500, test error 90.000000 %
MLP MODEL
     epoch 171, minibatch 500/500, test error 90.000000 %
MLP MODEL
     epoch 172, minibatch 500/500, test error 90.000000 %
MLP MODEL
     epoch 173, minibatch 500/500, test error 90.000000 %
MLP MODEL
     epoch 174, minibatch 500/500, test error 90.000000 %
MLP MODEL
     epoch 175, minibatch 500/500, test error 90.000000 %
MLP MODEL
     epoch 176, minibatch 500/500, test error 90.000000 %
MLP MODEL
     epoch 177, minibatch 500/500, test error 90.000000 %
MLP MODEL
     epoch 178, minibatch 500/500, test error 90.000000 %
MLP MODEL
     epoch 179, minibatch 500/500, test error 90.000000 %
MLP MODEL
     epoch 180, minibatch 500/500, test error 90.000000 %
MLP MODEL
     epoch 181, minibatch 500/500, test error 90.000000 %
MLP MODEL
     epoch 182, minibatch 500/500, test error 90.000000 %
MLP MODEL
     epoch 183, minibatch 500/500, test error 90.000000 %
MLP MODEL
     epoch 184, minibatch 500/500, test error 90.000000 %
MLP MODEL
     epoch 185, minibatch 500/500, test error 90.000000 %
MLP MODEL
     epoch 186, minibatch 500/500, test error 90.000000 %
MLP MODEL
     epoch 187, minibatch 500/500, test error 90.000000 %
MLP MODEL
     epoch 188, minibatch 500/500, test error 90.000000 %
MLP MODEL
     epoch 189, minibatch 500/500, test error 90.000000 %
MLP MODEL
     epoch 190, minibatch 500/500, test error 90.000000 %
MLP MODEL
     epoch 191, minibatch 500/500, test error 90.000000 %
MLP MODEL
     epoch 192, minibatch 500/500, test error 90.000000 %
MLP MODEL
     epoch 193, minibatch 500/500, test error 90.000000 %
MLP MODEL
     epoch 194, minibatch 500/500, test error 90.000000 %
MLP MODEL
     epoch 195, minibatch 500/500, test error 90.000000 %
MLP MODEL
     epoch 196, minibatch 500/500, test error 90.000000 %
MLP MODEL
     epoch 197, minibatch 500/500, test error 90.000000 %
MLP MODEL
     epoch 198, minibatch 500/500, test error 90.000000 %
MLP MODEL
     epoch 199, minibatch 500/500, test error 90.000000 %
MLP MODEL
     epoch 200, minibatch 500/500, test error 90.000000 %

---------------------------------------------
Total time taken is :  2758.67155939   minutes
completed saving filters till :  0
completed saving filters till :  0
completed saving filters till :  0
completed saving filters till :  0
completed saving filters till :  0
completed saving filters till :  10
completed saving filters till :  10
completed saving filters till :  10
completed saving filters till :  10
completed saving filters till :  10
completed saving filters till :  20
completed saving filters till :  20
completed saving filters till :  20
completed saving filters till :  20
completed saving filters till :  20
completed saving filters till :  30
completed saving filters till :  30
completed saving filters till :  30
completed saving filters till :  30
completed saving filters till :  30
completed saving filters till :  40
completed saving filters till :  40
completed saving filters till :  40
completed saving filters till :  40
completed saving filters till :  40
completed saving filters till :  50
completed saving filters till :  50
completed saving filters till :  50
completed saving filters till :  50
completed saving filters till :  50
completed saving filters till :  60
completed saving filters till :  60
completed saving filters till :  60
completed saving filters till :  60
completed saving filters till :  60
completed saving filters till :  70
completed saving filters till :  70
completed saving filters till :  70
completed saving filters till :  70
completed saving filters till :  70
completed saving filters till :  80
completed saving filters till :  80
completed saving filters till :  80
completed saving filters till :  80
completed saving filters till :  80
completed saving filters till :  90
completed saving filters till :  90
completed saving filters till :  90
completed saving filters till :  90
completed saving filters till :  90
completed saving filters till :  100
completed saving filters till :  100
completed saving filters till :  100
completed saving filters till :  100
completed saving filters till :  100
completed saving filters till :  110
completed saving filters till :  110
completed saving filters till :  110
completed saving filters till :  110
completed saving filters till :  110
completed saving filters till :  120
completed saving filters till :  120
completed saving filters till :  120
completed saving filters till :  120
completed saving filters till :  120

